  1       1      -0.563483     0.380991
  1       2      -0.217261     0.392674
  1       3      -0.563483     0.380991
  1       4      -0.563483     0.380991
  1       5      -0.450104     0.381261
  1       6      -0.677869     0.384620
  1       7       1.793137     0.523173
  1       8      -0.795596     0.392069
  1       9      -0.795596     0.392069
  1      10       1.076350     0.440119
  1      11       0.037097     0.415298
  1      12       0.176257     0.428299
  1      13      -1.193828     0.436037
  1      14       0.629362     0.441427
  1      15       0.927577     0.433941
  1      16      -0.563483     0.380991
  1      17       0.176257     0.428299
  1      18      -0.093675     0.402880
  1      19      -0.217261     0.392674
  1      20      -0.677869     0.384620
  1      21       1.076350     0.440119
  1      22       0.176257     0.428299
  1      23       0.323467     0.438769
  1      24       0.176257     0.428299
  1      25       1.402742     0.477121
  1      26      -0.335418     0.385306
  1      27       0.037097     0.415298
  1      28      -0.450104     0.381261
  1      29      -1.348044     0.451335
  1      30       0.629362     0.441427
  1      31      -0.335418     0.385306
  1      32      -0.217261     0.392674
  1      33       0.323467     0.438769
  1      34      -0.795596     0.392069
  1      35       0.037097     0.415298
  1      36      -1.510637     0.458986
  1      37       0.037097     0.415298
  1      38       1.232772     0.455773
  1      39      -0.335418     0.385306
  1      40      -0.677869     0.384620
  1      41       1.232772     0.455773
  1      42      -0.450104     0.381261
  1      43      -0.795596     0.392069
  1      44      -0.677869     0.384620
  1      45       0.176257     0.428299
  1      46       0.176257     0.428299
  1      47       0.037097     0.415298
  1      48      -2.099171     0.383542
  1      49      -0.677869     0.384620
  1      50       0.629362     0.441427
  1      51      -0.335418     0.385306
  1      52       0.475990     0.443412
  1      53       1.076350     0.440119
  1      54       0.927577     0.433941
  1      55      -0.450104     0.381261
  1      56       0.323467     0.438769
  1      57       0.629362     0.441427
  1      58       0.779937     0.436185
  1      59      -0.795596     0.392069
  1      60       0.475990     0.443412
  1      61      -0.450104     0.381261
  1      62      -0.795596     0.392069
  1      63      -0.093675     0.402880
  1      64       0.037097     0.415298
  1      65      -0.563483     0.380991
  1      66      -1.051042     0.418664
  1      67      -1.348044     0.451335
  1      68      -0.093675     0.402880
  1      69      -0.563483     0.380991
  1      70       0.037097     0.415298
  1      71      -1.193828     0.436037
  1      72       0.176257     0.428299
  1      73       0.037097     0.415298
  1      74       1.402742     0.477121
  1      75       0.037097     0.415298
  1      76      -0.563483     0.380991
  1      77      -1.193828     0.436037
  1      78      -0.335418     0.385306
  1      79      -0.677869     0.384620
  1      80       0.927577     0.433941
  1      81       1.232772     0.455773
  1      82      -0.217261     0.392674
  1      83      -0.217261     0.392674
  1      84       0.323467     0.438769
  1      85       0.475990     0.443412
  1      86      -0.093675     0.402880
  1      87       0.475990     0.443412
  1      88       0.323467     0.438769
  1      89      -0.563483     0.380991
  1      90       0.037097     0.415298
  1      91      -0.217261     0.392674
  1      92       0.779937     0.436185
  1      93       0.779937     0.436185
  1      94      -0.093675     0.402880
  1      95       1.589156     0.499263
  1      96      -0.677869     0.384620
  1      97      -0.335418     0.385306
  1      98      -0.450104     0.381261
  1      99       0.037097     0.415298
  1     100       0.176257     0.428299
  1     101       0.037097     0.415298
  1     102      -0.335418     0.385306
  1     103      -1.348044     0.451335
  1     104       0.475990     0.443412
  1     105      -0.677869     0.384620
  1     106       0.323467     0.438769
  1     107      -0.677869     0.384620
  1     108      -0.217261     0.392674
  1     109      -0.335418     0.385306
  1     110      -1.348044     0.451335
  1     111      -1.348044     0.451335
  1     112      -0.795596     0.392069
  1     113      -1.051042     0.418664
  1     114       0.629362     0.441427
  1     115      -0.795596     0.392069
  1     116       0.779937     0.436185
  1     117      -0.795596     0.392069
  1     118      -0.563483     0.380991
  1     119      -0.563483     0.380991
  1     120       0.176257     0.428299
  1     121       0.629362     0.441427
  1     122       0.927577     0.433941
  1     123       0.629362     0.441427
  1     124       1.076350     0.440119
  1     125      -0.093675     0.402880
  1     126       0.629362     0.441427
  1     127       0.629362     0.441427
  1     128      -0.450104     0.381261
  1     129      -0.677869     0.384620
  1     130      -1.193828     0.436037
  1     131      -0.677869     0.384620
  1     132       1.232772     0.455773
  1     133       1.402742     0.477121
  1     134       1.793137     0.523173
  1     135       0.629362     0.441427
  1     136      -0.217261     0.392674
  1     137      -0.093675     0.402880
  1     138       0.475990     0.443412
  1     139      -0.795596     0.392069
  1     140      -1.674686     0.455042
  1     141       0.176257     0.428299
  1     142      -1.674686     0.455042
  1     143       0.037097     0.415298
  1     144      -1.193828     0.436037
  1     145       0.037097     0.415298
  1     146      -0.677869     0.384620
  1     147      -1.051042     0.418664
  1     148       0.475990     0.443412
  1     149      -0.217261     0.392674
  1     150      -0.093675     0.402880
  1     151       0.037097     0.415298
  1     152      -0.919099     0.403448
  1     153      -0.563483     0.380991
  1     154       0.323467     0.438769
  1     155       0.475990     0.443412
  1     156       1.076350     0.440119
  1     157       0.176257     0.428299
  1     158       0.629362     0.441427
  1     159       0.037097     0.415298
  1     160       0.927577     0.433941
  1     161      -0.217261     0.392674
  1     162       0.629362     0.441427
  1     163      -0.563483     0.380991
  1     164      -0.563483     0.380991
  1     165      -1.831657     0.439228
  1     166      -1.510637     0.458986
  1     167       0.176257     0.428299
  1     168      -1.193828     0.436037
  1     169       0.323467     0.438769
  1     170       0.037097     0.415298
  1     171      -0.677869     0.384620
  1     172      -0.335418     0.385306
  1     173      -0.217261     0.392674
  1     174       0.475990     0.443412
  1     175       1.232772     0.455773
  1     176      -1.831657     0.439228
  1     177      -0.450104     0.381261
  1     178       1.402742     0.477121
  1     179       0.323467     0.438769
  1     180      -0.093675     0.402880
  1     181       0.037097     0.415298
  1     182       0.323467     0.438769
  1     183      -0.450104     0.381261
  1     184       0.629362     0.441427
  1     185      -0.563483     0.380991
  1     186      -1.193828     0.436037
  1     187      -0.563483     0.380991
  1     188       0.927577     0.433941
  1     189       0.037097     0.415298
  1     190      -0.563483     0.380991
  1     191       1.793137     0.523173
  1     192       0.176257     0.428299
  1     193      -0.217261     0.392674
  1     194      -1.051042     0.418664
  1     195       1.793137     0.523173
  1     196       0.629362     0.441427
  1     197       0.037097     0.415298
  1     198      -1.974491     0.414234
  1     199      -1.831657     0.439228
  1     200      -1.674686     0.455042
  1     201      -0.093675     0.402880
  1     202      -0.335418     0.385306
  1     203      -1.674686     0.455042
  1     204      -0.919099     0.403448
  1     205       2.021810     0.562649
  1     206      -0.093675     0.402880
  1     207      -0.563483     0.380991
  1     208       1.402742     0.477121
  1     209      -0.093675     0.402880
  1     210       0.629362     0.441427
  1     211       0.475990     0.443412
  1     212      -0.919099     0.403448
  1     213      -0.335418     0.385306
  1     214      -0.335418     0.385306
  1     215      -0.335418     0.385306
  1     216       0.037097     0.415298
  1     217       0.779937     0.436185
  1     218       0.323467     0.438769
  1     219       1.589156     0.499263
  1     220       1.793137     0.523173
  1     221      -0.217261     0.392674
  1     222       0.779937     0.436185
  1     223      -0.450104     0.381261
  1     224       0.037097     0.415298
  1     225       0.176257     0.428299
  1     226      -0.335418     0.385306
  1     227      -1.974491     0.414234
  1     228      -0.450104     0.381261
  1     229      -0.093675     0.402880
  1     230       1.076350     0.440119
  1     231      -0.795596     0.392069
  1     232       1.232772     0.455773
  1     233       0.779937     0.436185
  1     234      -0.217261     0.392674
  1     235      -0.563483     0.380991
  1     236       1.076350     0.440119
  1     237       0.475990     0.443412
  1     238       0.037097     0.415298
  1     239       0.475990     0.443412
  1     240      -0.919099     0.403448
  1     241      -0.677869     0.384620
  1     242      -0.919099     0.403448
  1     243       0.323467     0.438769
  1     244       0.779937     0.436185
  1     245       1.076350     0.440119
  1     246      -0.335418     0.385306
  1     247      -0.795596     0.392069
  1     248       1.232772     0.455773
  1     249      -0.335418     0.385306
  1     250      -0.795596     0.392069
  1     251       0.927577     0.433941
  1     252      -0.217261     0.392674
  1     253      -0.677869     0.384620
  1     254       0.323467     0.438769
  1     255       2.021810     0.562649
  1     256      -0.563483     0.380991
  1     257       1.402742     0.477121
  1     258       1.402742     0.477121
  1     259      -0.093675     0.402880
  1     260       0.323467     0.438769
  1     261       0.037097     0.415298
  1     262       0.475990     0.443412
  1     263       2.021810     0.562649
  1     264       0.475990     0.443412
  1     265       0.037097     0.415298
  1     266       0.037097     0.415298
  1     267       0.927577     0.433941
  1     268      -0.217261     0.392674
  1     269      -0.450104     0.381261
  1     270       0.037097     0.415298
  1     271      -0.677869     0.384620
  1     272      -0.217261     0.392674
  1     273      -0.450104     0.381261
  1     274      -0.335418     0.385306
  1     275       0.475990     0.443412
  1     276      -1.193828     0.436037
  1     277      -0.677869     0.384620
  1     278       0.475990     0.443412
  1     279      -0.450104     0.381261
  1     280      -0.919099     0.403448
  1     281       0.927577     0.433941
  1     282      -1.674686     0.455042
  1     283       1.793137     0.523173
  1     284      -1.051042     0.418664
  1     285       0.629362     0.441427
  1     286       0.629362     0.441427
  1     287      -1.510637     0.458986
  1     288      -0.677869     0.384620
  1     289       0.176257     0.428299
  1     290       1.232772     0.455773
  1     291      -1.348044     0.451335
  1     292       0.475990     0.443412
  1     293      -0.335418     0.385306
  1     294      -1.510637     0.458986
  1     295      -1.051042     0.418664
  1     296       0.779937     0.436185
  1     297       0.629362     0.441427
  1     298      -0.563483     0.380991
  1     299       0.176257     0.428299
  1     300      -1.348044     0.451335
  1     301      -2.099171     0.383542
  1     302      -0.217261     0.392674
  1     303      -0.217261     0.392674
  1     304       0.629362     0.441427
  1     305       1.232772     0.455773
  1     306      -0.093675     0.402880
  1     307      -0.677869     0.384620
  1     308      -0.093675     0.402880
  1     309      -0.335418     0.385306
  1     310       0.629362     0.441427
  1     311       2.021810     0.562649
  1     312      -0.093675     0.402880
  1     313      -0.093675     0.402880
  1     314       1.076350     0.440119
  1     315       0.927577     0.433941
  1     316       1.076350     0.440119
  1     317       0.629362     0.441427
  1     318       0.927577     0.433941
  1     319      -0.093675     0.402880
  1     320      -1.193828     0.436037
  1     321      -0.217261     0.392674
  1     322      -0.093675     0.402880
  1     323      -0.919099     0.403448
  1     324      -0.093675     0.402880
  1     325      -0.335418     0.385306
  1     326      -0.335418     0.385306
  1     327      -0.677869     0.384620
  1     328      -1.193828     0.436037
  1     329       2.021810     0.562649
  1     330      -0.919099     0.403448
  1     331       0.779937     0.436185
  1     332       1.076350     0.440119
  1     333      -0.335418     0.385306
  1     334      -0.093675     0.402880
  1     335      -0.450104     0.381261
  1     336       3.101315     0.740784
  1     337       0.779937     0.436185
  1     338      -1.674686     0.455042
  1     339      -0.217261     0.392674
  1     340       0.037097     0.415298
  1     341      -0.217261     0.392674
  1     342      -0.795596     0.392069
  1     343      -0.450104     0.381261
  1     344      -0.563483     0.380991
  1     345      -0.795596     0.392069
  1     346       1.076350     0.440119
  1     347      -0.093675     0.402880
  1     348      -0.093675     0.402880
  1     349      -0.335418     0.385306
  1     350      -0.217261     0.392674
  1     351       1.076350     0.440119
  1     352       2.667542     0.727755
  1     353      -0.563483     0.380991
  1     354      -1.051042     0.418664
  1     355       1.076350     0.440119
  1     356       2.300692     0.637539
  1     357      -0.795596     0.392069
  1     358      -0.335418     0.385306
  1     359       1.402742     0.477121
  1     360      -0.217261     0.392674
  1     361      -1.674686     0.455042
  1     362       1.589156     0.499263
  1     363      -0.093675     0.402880
  1     364       0.323467     0.438769
  1     365       0.927577     0.433941
  1     366      -0.335418     0.385306
  1     367      -0.335418     0.385306
  1     368      -1.051042     0.418664
  1     369      -0.093675     0.402880
  1     370       0.629362     0.441427
  1     371      -0.563483     0.380991
  1     372      -0.677869     0.384620
  1     373       0.629362     0.441427
  1     374       0.475990     0.443412
  1     375       0.927577     0.433941
  1     376       1.076350     0.440119
  1     377      -0.919099     0.403448
  1     378      -1.510637     0.458986
  1     379      -0.563483     0.380991
  1     380       1.589156     0.499263
  1     381      -0.335418     0.385306
  1     382       1.076350     0.440119
  1     383      -0.677869     0.384620
  1     384       1.232772     0.455773
  1     385      -0.093675     0.402880
  1     386       0.475990     0.443412
  1     387      -1.193828     0.436037
  1     388       1.232772     0.455773
  1     389       1.232772     0.455773
  1     390       0.475990     0.443412
  1     391      -0.217261     0.392674
  1     392       0.037097     0.415298
  1     393      -0.563483     0.380991
  1     394      -0.677869     0.384620
  1     395       0.927577     0.433941
  1     396      -0.335418     0.385306
  1     397      -0.335418     0.385306
  1     398       0.927577     0.433941
  1     399      -0.795596     0.392069
  1     400      -0.563483     0.380991
  1     401       0.927577     0.433941
  1     402      -2.099171     0.383542
  1     403      -0.335418     0.385306
  1     404       1.076350     0.440119
  1     405      -1.051042     0.418664
  1     406       0.037097     0.415298
  1     407      -0.217261     0.392674
  1     408      -0.450104     0.381261
  1     409       2.021810     0.562649
  1     410      -0.677869     0.384620
  1     411       1.232772     0.455773
  1     412       0.475990     0.443412
  1     413       1.076350     0.440119
  1     414      -0.563483     0.380991
  1     415      -0.677869     0.384620
  1     416      -0.217261     0.392674
  1     417       0.323467     0.438769
  1     418      -2.204543     0.350211
  1     419      -0.450104     0.381261
  1     420      -0.563483     0.380991
  1     421      -0.335418     0.385306
  1     422       0.475990     0.443412
  1     423      -0.217261     0.392674
  1     424       1.589156     0.499263
  1     425       0.037097     0.415298
  1     426       0.475990     0.443412
  1     427       0.176257     0.428299
  1     428       1.232772     0.455773
  1     429      -0.795596     0.392069
  1     430       1.232772     0.455773
  1     431       0.475990     0.443412
  1     432       1.232772     0.455773
  1     433      -0.217261     0.392674
  1     434       3.101315     0.740784
  1     435       1.402742     0.477121
  1     436      -0.450104     0.381261
  1     437      -0.217261     0.392674
  1     438       1.076350     0.440119
  1     439       1.793137     0.523173
  1     440       0.176257     0.428299
  1     441       0.037097     0.415298
  1     442       0.475990     0.443412
  1     443       0.037097     0.415298
  1     444       0.176257     0.428299
  1     445       0.176257     0.428299
  1     446       0.323467     0.438769
  1     447       0.323467     0.438769
  1     448      -0.217261     0.392674
  1     449      -0.217261     0.392674
  1     450       0.779937     0.436185
  1     451      -0.795596     0.392069
  1     452      -0.563483     0.380991
  1     453       0.475990     0.443412
  1     454       0.323467     0.438769
  1     455       0.037097     0.415298
  1     456      -0.919099     0.403448
  1     457      -1.674686     0.455042
  1     458      -0.677869     0.384620
  1     459      -0.217261     0.392674
  1     460       1.589156     0.499263
  1     461       1.402742     0.477121
  1     462      -0.450104     0.381261
  1     463      -1.193828     0.436037
  1     464       0.475990     0.443412
  1     465      -1.831657     0.439228
  1     466       0.475990     0.443412
  1     467       0.779937     0.436185
  1     468      -0.919099     0.403448
  1     469       1.232772     0.455773
  1     470      -0.919099     0.403448
  1     471      -1.974491     0.414234
  1     472       1.402742     0.477121
  1     473      -0.563483     0.380991
  1     474      -1.674686     0.455042
  1     475       0.323467     0.438769
  1     476       0.927577     0.433941
  1     477      -0.919099     0.403448
  1     478       1.402742     0.477121
  1     479      -0.093675     0.402880
  1     480      -0.677869     0.384620
  1     481       0.037097     0.415298
  1     482       2.300692     0.637539
  1     483      -0.093675     0.402880
  1     484       0.779937     0.436185
  1     485       0.927577     0.433941
  1     486      -1.193828     0.436037
  1     487      -1.051042     0.418664
  1     488       1.076350     0.440119
  1     489       0.779937     0.436185
  1     490       0.629362     0.441427
  1     491       2.021810     0.562649
  1     492      -0.450104     0.381261
  1     493      -0.335418     0.385306
  1     494      -0.335418     0.385306
  1     495      -1.051042     0.418664
  1     496      -0.335418     0.385306
  1     497       1.232772     0.455773
  1     498       0.176257     0.428299
  1     499       1.589156     0.499263
  1     500       1.232772     0.455773
  1     501       0.037097     0.415298
  1     502       0.927577     0.433941
  1     503       0.779937     0.436185
  1     504      -0.217261     0.392674
  1     505       0.779937     0.436185
  1     506      -0.919099     0.403448
  1     507       0.475990     0.443412
  1     508      -0.563483     0.380991
  1     509      -0.093675     0.402880
  1     510       0.037097     0.415298
  1     511       0.323467     0.438769
  1     512      -0.450104     0.381261
  1     513      -1.348044     0.451335
  1     514      -0.217261     0.392674
  1     515      -1.051042     0.418664
  1     516       0.629362     0.441427
  1     517      -0.795596     0.392069
  1     518       0.323467     0.438769
  1     519      -0.217261     0.392674
  1     520      -0.093675     0.402880
  1     521      -0.335418     0.385306
  1     522       1.589156     0.499263
  1     523       0.927577     0.433941
  1     524      -0.217261     0.392674
  1     525      -0.677869     0.384620
  1     526      -1.831657     0.439228
  1     527      -0.093675     0.402880
  1     528       0.323467     0.438769
  1     529       0.927577     0.433941
  1     530       0.629362     0.441427
  1     531       1.589156     0.499263
  1     532       0.037097     0.415298
  1     533       0.927577     0.433941
  1     534      -0.450104     0.381261
  1     535      -0.450104     0.381261
  1     536       0.037097     0.415298
  1     537      -0.563483     0.380991
  1     538       1.402742     0.477121
  1     539      -0.563483     0.380991
  1     540      -0.563483     0.380991
  1     541       0.323467     0.438769
  1     542      -0.919099     0.403448
  1     543       0.629362     0.441427
  1     544       0.629362     0.441427
  1     545      -0.217261     0.392674
  1     546      -0.217261     0.392674
  1     547      -1.831657     0.439228
  1     548      -0.795596     0.392069
  1     549       0.037097     0.415298
  1     550      -0.677869     0.384620
  1     551      -0.563483     0.380991
  1     552      -1.051042     0.418664
  1     553       0.779937     0.436185
  1     554      -0.563483     0.380991
  1     555       0.629362     0.441427
  1     556       2.021810     0.562649
  1     557       0.475990     0.443412
  1     558      -0.677869     0.384620
  1     559       0.037097     0.415298
  1     560       0.323467     0.438769
  1     561       1.076350     0.440119
  1     562       0.629362     0.441427
  1     563       0.779937     0.436185
  1     564       1.076350     0.440119
  1     565       1.232772     0.455773
  1     566       0.323467     0.438769
  1     567      -0.677869     0.384620
  1     568       0.779937     0.436185
  1     569       0.927577     0.433941
  1     570      -0.093675     0.402880
  1     571       1.076350     0.440119
  1     572       0.037097     0.415298
  1     573      -0.919099     0.403448
  1     574       0.176257     0.428299
  1     575      -1.510637     0.458986
  1     576       0.629362     0.441427
  1     577      -1.674686     0.455042
  1     578      -0.795596     0.392069
  1     579      -0.335418     0.385306
  1     580       0.475990     0.443412
  1     581       0.176257     0.428299
  1     582       0.927577     0.433941
  1     583      -0.919099     0.403448
  1     584      -1.051042     0.418664
  1     585      -0.093675     0.402880
  1     586       0.629362     0.441427
  1     587       0.779937     0.436185
  1     588       0.037097     0.415298
  1     589      -0.919099     0.403448
  1     590      -0.217261     0.392674
  1     591       0.927577     0.433941
  1     592      -0.450104     0.381261
  1     593      -0.563483     0.380991
  1     594      -0.563483     0.380991
  1     595       1.793137     0.523173
  1     596       1.076350     0.440119
  1     597       0.779937     0.436185
  1     598      -0.795596     0.392069
  1     599       0.779937     0.436185
  1     600      -0.677869     0.384620
  1     601      -0.093675     0.402880
  1     602      -0.217261     0.392674
  1     603       0.629362     0.441427
  1     604      -0.563483     0.380991
  1     605      -0.217261     0.392674
  1     606      -1.051042     0.418664
  1     607       0.176257     0.428299
  1     608       1.793137     0.523173
  1     609      -0.919099     0.403448
  1     610      -0.450104     0.381261
  1     611       1.402742     0.477121
  1     612      -0.450104     0.381261
  1     613       1.232772     0.455773
  1     614       1.589156     0.499263
  1     615       0.629362     0.441427
  1     616      -0.335418     0.385306
  1     617      -0.217261     0.392674
  1     618      -0.919099     0.403448
  1     619      -0.450104     0.381261
  1     620       0.629362     0.441427
  1     621       0.323467     0.438769
  1     622      -0.919099     0.403448
  1     623      -0.795596     0.392069
  1     624       0.323467     0.438769
  1     625      -0.335418     0.385306
  1     626       0.176257     0.428299
  1     627       0.779937     0.436185
  1     628      -0.677869     0.384620
  1     629      -0.450104     0.381261
  1     630      -0.450104     0.381261
  1     631       0.475990     0.443412
  1     632      -1.510637     0.458986
  1     633      -0.335418     0.385306
  1     634      -0.677869     0.384620
  1     635       0.475990     0.443412
  1     636      -0.795596     0.392069
  1     637       0.176257     0.428299
  1     638      -0.677869     0.384620
  1     639      -0.677869     0.384620
  1     640       0.779937     0.436185
  1     641      -1.051042     0.418664
  1     642       1.589156     0.499263
  1     643      -0.335418     0.385306
  1     644       1.232772     0.455773
  1     645       3.478143     0.629482
  1     646      -0.677869     0.384620
  1     647      -1.193828     0.436037
  1     648       0.037097     0.415298
  1     649      -0.563483     0.380991
  1     650       0.629362     0.441427
  1     651       0.037097     0.415298
  1     652      -0.217261     0.392674
  1     653       0.037097     0.415298
  1     654       0.323467     0.438769
  1     655       2.667542     0.727755
  1     656       0.037097     0.415298
  1     657       0.927577     0.433941
  1     658      -0.563483     0.380991
  1     659      -1.831657     0.439228
  1     660      -0.795596     0.392069
  1     661      -0.919099     0.403448
  1     662      -2.099171     0.383542
  1     663      -0.093675     0.402880
  1     664       1.793137     0.523173
  1     665      -0.217261     0.392674
  1     666      -0.217261     0.392674
  1     667      -0.217261     0.392674
  1     668       0.629362     0.441427
  1     669       0.927577     0.433941
  1     670      -0.093675     0.402880
  1     671       0.037097     0.415298
  1     672       0.475990     0.443412
  1     673       1.232772     0.455773
  1     674      -0.335418     0.385306
  1     675      -0.450104     0.381261
  1     676       0.779937     0.436185
  1     677      -0.217261     0.392674
  1     678       0.629362     0.441427
  1     679       0.176257     0.428299
  1     680      -0.450104     0.381261
  1     681       0.779937     0.436185
  1     682       1.232772     0.455773
  1     683      -1.974491     0.414234
  1     684       0.323467     0.438769
  1     685       0.037097     0.415298
  1     686      -1.051042     0.418664
  1     687      -1.510637     0.458986
  1     688       3.101315     0.740784
  1     689      -2.291571     0.317023
  1     690       1.076350     0.440119
  1     691       1.793137     0.523173
  1     692       0.037097     0.415298
  1     693      -1.348044     0.451335
  1     694      -1.193828     0.436037
  1     695      -0.450104     0.381261
  1     696      -0.795596     0.392069
  1     697       0.037097     0.415298
  1     698      -0.795596     0.392069
  1     699       0.323467     0.438769
  1     700      -0.335418     0.385306
  1     701      -1.348044     0.451335
  1     702      -0.677869     0.384620
  1     703       0.176257     0.428299
  1     704      -1.831657     0.439228
  1     705       0.779937     0.436185
  1     706      -0.677869     0.384620
  1     707       1.402742     0.477121
  1     708       1.589156     0.499263
  1     709       0.323467     0.438769
  1     710       0.037097     0.415298
  1     711       0.176257     0.428299
  1     712      -1.193828     0.436037
  1     713      -0.335418     0.385306
  1     714      -0.450104     0.381261
  1     715       1.076350     0.440119
  1     716       0.475990     0.443412
  1     717       0.323467     0.438769
  1     718      -1.831657     0.439228
  1     719      -0.795596     0.392069
  1     720      -1.674686     0.455042
  1     721      -1.674686     0.455042
  1     722      -1.674686     0.455042
  1     723      -1.348044     0.451335
  1     724      -0.677869     0.384620
  1     725      -0.919099     0.403448
  1     726       0.176257     0.428299
  1     727       0.629362     0.441427
  1     728      -0.563483     0.380991
  1     729      -0.093675     0.402880
  1     730       0.176257     0.428299
  1     731      -1.193828     0.436037
  1     732      -1.348044     0.451335
  1     733       0.927577     0.433941
  1     734       0.176257     0.428299
  1     735      -1.051042     0.418664
  1     736       1.402742     0.477121
  1     737       1.793137     0.523173
  1     738      -0.677869     0.384620
  1     739       0.475990     0.443412
  1     740      -1.510637     0.458986
  1     741       0.927577     0.433941
  1     742       0.779937     0.436185
  1     743       0.323467     0.438769
  1     744       2.021810     0.562649
  1     745      -0.093675     0.402880
  1     746       0.629362     0.441427
  1     747      -0.450104     0.381261
  1     748      -0.677869     0.384620
  1     749      -0.450104     0.381261
  1     750       0.475990     0.443412
  1     751       0.323467     0.438769
  1     752       0.779937     0.436185
  1     753      -0.450104     0.381261
  1     754       0.176257     0.428299
  1     755       0.475990     0.443412
  1     756      -0.450104     0.381261
  1     757      -2.204543     0.350211
  1     758      -1.051042     0.418664
  1     759      -1.510637     0.458986
  1     760      -0.919099     0.403448
  1     761      -0.217261     0.392674
  1     762       0.475990     0.443412
  1     763       0.629362     0.441427
  1     764      -1.348044     0.451335
  1     765       0.176257     0.428299
  1     766      -0.919099     0.403448
  1     767      -0.450104     0.381261
  1     768       0.779937     0.436185
  1     769      -0.217261     0.392674
  1     770      -0.795596     0.392069
  1     771      -1.674686     0.455042
  1     772      -0.795596     0.392069
  1     773       0.176257     0.428299
  1     774      -1.051042     0.418664
  1     775       0.629362     0.441427
  1     776      -0.093675     0.402880
  1     777      -1.051042     0.418664
  1     778      -0.450104     0.381261
  1     779      -0.093675     0.402880
  1     780       1.793137     0.523173
  1     781      -0.093675     0.402880
  1     782      -0.093675     0.402880
  1     783       0.629362     0.441427
  1     784       0.037097     0.415298
  1     785       0.176257     0.428299
  1     786       1.232772     0.455773
  1     787      -0.450104     0.381261
  1     788      -1.193828     0.436037
  1     789       0.779937     0.436185
  1     790       1.076350     0.440119
  1     791      -0.217261     0.392674
  1     792      -0.450104     0.381261
  1     793      -1.051042     0.418664
  1     794      -1.974491     0.414234
  1     795      -0.677869     0.384620
  1     796      -0.335418     0.385306
  1     797      -0.450104     0.381261
  1     798      -2.204543     0.350211
  1     799      -0.335418     0.385306
  1     800       0.037097     0.415298
  1     801      -0.677869     0.384620
  1     802       1.076350     0.440119
  1     803       1.076350     0.440119
  1     804       1.589156     0.499263
  1     805       0.037097     0.415298
  1     806       1.076350     0.440119
  1     807      -0.677869     0.384620
  1     808      -0.450104     0.381261
  1     809       1.076350     0.440119
  1     810      -0.677869     0.384620
  1     811       0.037097     0.415298
  1     812       0.037097     0.415298
  1     813      -0.677869     0.384620
  1     814       0.927577     0.433941
  1     815      -0.677869     0.384620
  1     816      -0.217261     0.392674
  1     817       0.779937     0.436185
  1     818      -0.450104     0.381261
  1     819       1.232772     0.455773
  1     820      -1.051042     0.418664
  1     821      -0.335418     0.385306
  1     822       0.037097     0.415298
  1     823      -0.217261     0.392674
  1     824      -0.563483     0.380991
  1     825       0.037097     0.415298
  1     826       0.176257     0.428299
  1     827       0.475990     0.443412
  1     828      -0.795596     0.392069
  1     829      -0.093675     0.402880
  1     830      -0.217261     0.392674
  1     831       0.176257     0.428299
  1     832      -1.348044     0.451335
  1     833       0.779937     0.436185
  1     834       0.037097     0.415298
  1     835      -0.563483     0.380991
  1     836      -0.217261     0.392674
  1     837      -0.217261     0.392674
  1     838      -0.795596     0.392069
  1     839      -0.093675     0.402880
  1     840       0.323467     0.438769
  1     841      -0.450104     0.381261
  1     842       0.629362     0.441427
  1     843       0.927577     0.433941
  1     844      -0.795596     0.392069
  1     845       0.475990     0.443412
  1     846      -0.795596     0.392069
  1     847       0.779937     0.436185
  1     848      -0.450104     0.381261
  1     849      -0.217261     0.392674
  1     850       0.629362     0.441427
  1     851      -1.831657     0.439228
  1     852       1.076350     0.440119
  1     853      -0.450104     0.381261
  1     854      -0.093675     0.402880
  1     855      -0.677869     0.384620
  1     856      -0.217261     0.392674
  1     857      -0.217261     0.392674
  1     858       0.176257     0.428299
  1     859       1.076350     0.440119
  1     860       1.076350     0.440119
  1     861       1.076350     0.440119
  1     862       0.323467     0.438769
  1     863      -0.217261     0.392674
  1     864      -0.335418     0.385306
  1     865       1.589156     0.499263
  1     866      -0.795596     0.392069
  1     867       1.402742     0.477121
  1     868      -1.193828     0.436037
  1     869      -0.093675     0.402880
  1     870      -0.677869     0.384620
  1     871      -0.450104     0.381261
  1     872      -0.335418     0.385306
  1     873       0.323467     0.438769
  1     874      -1.348044     0.451335
  1     875      -0.335418     0.385306
  1     876      -1.974491     0.414234
  1     877       1.232772     0.455773
  1     878       1.076350     0.440119
  1     879      -0.093675     0.402880
  1     880       0.629362     0.441427
  1     881       1.793137     0.523173
  1     882       0.176257     0.428299
  1     883      -0.217261     0.392674
  1     884      -0.093675     0.402880
  1     885      -0.450104     0.381261
  1     886      -1.193828     0.436037
  1     887       1.402742     0.477121
  1     888       0.475990     0.443412
  1     889      -0.217261     0.392674
  1     890      -0.335418     0.385306
  1     891      -1.193828     0.436037
  1     892      -0.795596     0.392069
  1     893      -0.919099     0.403448
  1     894       1.402742     0.477121
  1     895      -0.335418     0.385306
  1     896       0.037097     0.415298
  1     897      -0.563483     0.380991
  1     898      -1.510637     0.458986
  1     899       0.176257     0.428299
  1     900       0.176257     0.428299
  1     901      -0.563483     0.380991
  1     902      -0.217261     0.392674
  1     903       0.176257     0.428299
  1     904      -0.217261     0.392674
  1     905      -0.919099     0.403448
  1     906       0.779937     0.436185
  1     907       0.629362     0.441427
  1     908       0.037097     0.415298
  1     909      -0.919099     0.403448
  1     910      -1.051042     0.418664
  1     911      -0.093675     0.402880
  1     912      -0.563483     0.380991
  1     913       0.037097     0.415298
  1     914      -0.677869     0.384620
  1     915       1.402742     0.477121
  1     916       0.037097     0.415298
  1     917       1.402742     0.477121
  1     918      -0.450104     0.381261
  1     919      -1.348044     0.451335
  1     920       0.927577     0.433941
  1     921       0.176257     0.428299
  1     922      -0.677869     0.384620
  1     923       0.779937     0.436185
  1     924      -0.795596     0.392069
  1     925       0.037097     0.415298
  1     926       0.927577     0.433941
  1     927      -0.677869     0.384620
  1     928      -0.919099     0.403448
  1     929       0.323467     0.438769
  1     930      -0.093675     0.402880
  1     931      -0.919099     0.403448
  1     932      -0.217261     0.392674
  1     933       0.037097     0.415298
  1     934      -1.051042     0.418664
  1     935       0.037097     0.415298
  1     936      -1.051042     0.418664
  1     937      -0.093675     0.402880
  1     938      -0.563483     0.380991
  1     939       0.629362     0.441427
  1     940      -0.335418     0.385306
  1     941       0.779937     0.436185
  1     942      -0.093675     0.402880
  1     943       0.323467     0.438769
  1     944       1.076350     0.440119
  1     945      -1.348044     0.451335
  1     946      -0.335418     0.385306
  1     947       0.037097     0.415298
  1     948       0.779937     0.436185
  1     949       0.037097     0.415298
  1     950      -0.335418     0.385306
  1     951      -0.093675     0.402880
  1     952      -0.093675     0.402880
  1     953      -1.051042     0.418664
  1     954      -0.335418     0.385306
  1     955       0.779937     0.436185
  1     956      -1.348044     0.451335
  1     957      -0.093675     0.402880
  1     958      -1.051042     0.418664
  1     959      -0.335418     0.385306
  1     960      -0.217261     0.392674
  1     961      -0.093675     0.402880
  1     962      -2.291571     0.317023
  1     963       1.076350     0.440119
  1     964      -0.677869     0.384620
  1     965      -0.217261     0.392674
  1     966      -1.831657     0.439228
  1     967       0.779937     0.436185
  1     968       0.475990     0.443412
  1     969      -0.335418     0.385306
  1     970       0.475990     0.443412
  1     971      -0.093675     0.402880
  1     972      -0.677869     0.384620
  1     973      -0.217261     0.392674
  1     974      -0.450104     0.381261
  1     975      -0.217261     0.392674
  1     976       0.323467     0.438769
  1     977      -0.919099     0.403448
  1     978      -0.795596     0.392069
  1     979      -0.795596     0.392069
  1     980       0.629362     0.441427
  1     981      -1.051042     0.418664
  1     982       1.076350     0.440119
  1     983       0.037097     0.415298
  1     984      -0.563483     0.380991
  1     985       0.475990     0.443412
  1     986       0.323467     0.438769
  1     987      -1.193828     0.436037
  1     988       0.176257     0.428299
  1     989       1.793137     0.523173
  1     990       1.793137     0.523173
  1     991       0.779937     0.436185
  1     992       0.779937     0.436185
  1     993      -0.677869     0.384620
  1     994      -0.450104     0.381261
  1     995       0.323467     0.438769
  1     996       0.323467     0.438769
  1     997       2.021810     0.562649
  1     998       1.076350     0.440119
  1     999       0.176257     0.428299
  1    1000      -0.795596     0.392069
  1    1001       1.076350     0.440119
  1    1002       0.927577     0.433941
  1    1003      -1.831657     0.439228
  1    1004       0.779937     0.436185
  1    1005       1.402742     0.477121
  1    1006       0.176257     0.428299
  1    1007       1.402742     0.477121
  1    1008      -0.217261     0.392674
  1    1009      -0.563483     0.380991
  1    1010       0.779937     0.436185
  1    1011       0.323467     0.438769
  1    1012       0.037097     0.415298
  1    1013       1.076350     0.440119
  1    1014      -0.563483     0.380991
  1    1015      -0.563483     0.380991
  1    1016       0.037097     0.415298
  1    1017      -0.563483     0.380991
  1    1018       0.927577     0.433941
  1    1019       0.629362     0.441427
  1    1020       0.779937     0.436185
  1    1021      -1.193828     0.436037
  1    1022      -0.093675     0.402880
  1    1023      -0.919099     0.403448
  1    1024       0.927577     0.433941
  1    1025       0.176257     0.428299
  1    1026       2.667542     0.727755
  1    1027      -0.919099     0.403448
  1    1028      -0.563483     0.380991
  1    1029      -1.510637     0.458986
  1    1030      -1.831657     0.439228
  1    1031      -2.204543     0.350211
  1    1032      -0.563483     0.380991
  1    1033      -0.335418     0.385306
  1    1034      -2.204543     0.350211
  1    1035      -0.677869     0.384620
  1    1036      -0.563483     0.380991
  1    1037       2.667542     0.727755
  1    1038      -0.563483     0.380991
  1    1039      -0.677869     0.384620
  1    1040      -0.563483     0.380991
  1    1041       0.779937     0.436185
  1    1042      -0.450104     0.381261
  1    1043       1.232772     0.455773
  1    1044       0.475990     0.443412
  1    1045       1.402742     0.477121
  1    1046       0.475990     0.443412
  1    1047      -0.677869     0.384620
  1    1048      -0.677869     0.384620
  1    1049       0.927577     0.433941
  1    1050       2.667542     0.727755
  1    1051      -1.348044     0.451335
  1    1052      -0.450104     0.381261
  1    1053      -0.563483     0.380991
  1    1054      -0.093675     0.402880
  1    1055       0.927577     0.433941
  1    1056       0.475990     0.443412
  1    1057       0.475990     0.443412
  1    1058      -0.450104     0.381261
  1    1059      -0.217261     0.392674
  1    1060       0.927577     0.433941
  1    1061      -2.204543     0.350211
  1    1062      -0.677869     0.384620
  1    1063       0.927577     0.433941
  1    1064       0.927577     0.433941
  1    1065      -0.217261     0.392674
  1    1066       0.927577     0.433941
  1    1067       0.779937     0.436185
  1    1068       0.629362     0.441427
  1    1069       0.323467     0.438769
  1    1070      -2.099171     0.383542
  1    1071       0.037097     0.415298
  1    1072      -0.335418     0.385306
  1    1073       0.323467     0.438769
  1    1074       1.402742     0.477121
  1    1075      -0.217261     0.392674
  1    1076       0.323467     0.438769
  1    1077       0.323467     0.438769
  1    1078       2.021810     0.562649
  1    1079       0.629362     0.441427
  1    1080       0.779937     0.436185
  1    1081       0.037097     0.415298
  1    1082      -0.450104     0.381261
  1    1083      -1.674686     0.455042
  1    1084      -1.348044     0.451335
  1    1085       0.629362     0.441427
  1    1086      -2.099171     0.383542
  1    1087      -0.677869     0.384620
  1    1088      -0.563483     0.380991
  1    1089       0.629362     0.441427
  1    1090      -0.217261     0.392674
  1    1091      -1.051042     0.418664
  1    1092       0.779937     0.436185
  1    1093       0.475990     0.443412
  1    1094      -0.093675     0.402880
  1    1095      -0.795596     0.392069
  1    1096      -1.051042     0.418664
  1    1097       0.037097     0.415298
  1    1098       0.037097     0.415298
  1    1099      -0.677869     0.384620
  1    1100      -1.510637     0.458986
  1    1101       0.475990     0.443412
  1    1102      -0.217261     0.392674
  1    1103       0.779937     0.436185
  1    1104      -0.093675     0.402880
  1    1105      -2.362745     0.286918
  1    1106       0.927577     0.433941
  1    1107      -1.348044     0.451335
  1    1108       2.021810     0.562649
  1    1109       1.793137     0.523173
  1    1110       0.629362     0.441427
  1    1111      -0.919099     0.403448
  1    1112       0.475990     0.443412
  1    1113      -1.193828     0.436037
  1    1114      -0.919099     0.403448
  1    1115      -0.450104     0.381261
  1    1116       0.629362     0.441427
  1    1117      -1.974491     0.414234
  1    1118      -0.450104     0.381261
  1    1119       1.232772     0.455773
  1    1120       0.779937     0.436185
  1    1121      -0.217261     0.392674
  1    1122      -0.919099     0.403448
  1    1123      -0.450104     0.381261
  1    1124      -1.193828     0.436037
  1    1125       1.076350     0.440119
  1    1126       0.037097     0.415298
  1    1127       0.629362     0.441427
  1    1128      -1.051042     0.418664
  1    1129      -0.217261     0.392674
  1    1130      -0.217261     0.392674
  1    1131      -0.919099     0.403448
  1    1132       2.021810     0.562649
  1    1133       0.323467     0.438769
  1    1134      -0.093675     0.402880
  1    1135       0.629362     0.441427
  1    1136       1.793137     0.523173
  1    1137      -0.919099     0.403448
  1    1138      -0.919099     0.403448
  1    1139      -0.093675     0.402880
  1    1140       0.037097     0.415298
  1    1141      -0.217261     0.392674
  1    1142      -1.510637     0.458986
  1    1143      -0.335418     0.385306
  1    1144       1.232772     0.455773
  1    1145       0.037097     0.415298
  1    1146       0.779937     0.436185
  1    1147      -0.795596     0.392069
  1    1148       0.629362     0.441427
  1    1149      -0.217261     0.392674
  1    1150      -1.193828     0.436037
  1    1151      -0.563483     0.380991
  1    1152      -0.093675     0.402880
  1    1153      -0.919099     0.403448
  1    1154       0.323467     0.438769
  1    1155      -0.335418     0.385306
  1    1156      -0.563483     0.380991
  1    1157       0.779937     0.436185
  1    1158      -0.335418     0.385306
  1    1159       0.323467     0.438769
  1    1160      -0.335418     0.385306
  1    1161       1.589156     0.499263
  1    1162       0.323467     0.438769
  1    1163       0.779937     0.436185
  1    1164       0.037097     0.415298
  1    1165      -1.974491     0.414234
  1    1166      -0.217261     0.392674
  1    1167      -0.563483     0.380991
  1    1168       1.402742     0.477121
  1    1169       0.475990     0.443412
  1    1170       0.629362     0.441427
  1    1171      -2.291571     0.317023
  1    1172       0.037097     0.415298
  1    1173      -0.677869     0.384620
  1    1174      -0.217261     0.392674
  1    1175      -0.563483     0.380991
  1    1176       0.779937     0.436185
  1    1177      -0.093675     0.402880
  1    1178      -0.795596     0.392069
  1    1179      -0.919099     0.403448
  1    1180       1.402742     0.477121
  1    1181       1.793137     0.523173
  1    1182       0.037097     0.415298
  1    1183      -0.335418     0.385306
  1    1184       0.037097     0.415298
  1    1185      -0.795596     0.392069
  1    1186      -0.093675     0.402880
  1    1187       0.629362     0.441427
  1    1188      -0.450104     0.381261
  1    1189       0.927577     0.433941
  1    1190       0.323467     0.438769
  1    1191      -0.217261     0.392674
  1    1192      -0.217261     0.392674
  1    1193      -0.335418     0.385306
  1    1194      -0.795596     0.392069
  1    1195       0.475990     0.443412
  1    1196       2.021810     0.562649
  1    1197       0.629362     0.441427
  1    1198       0.927577     0.433941
  1    1199      -1.051042     0.418664
  1    1200      -0.795596     0.392069
  1    1201      -1.051042     0.418664
  1    1202      -0.563483     0.380991
  1    1203       0.176257     0.428299
  1    1204       0.037097     0.415298
  1    1205       0.176257     0.428299
  1    1206      -1.051042     0.418664
  1    1207      -2.099171     0.383542
  1    1208      -0.335418     0.385306
  1    1209      -0.335418     0.385306
  1    1210      -0.795596     0.392069
  1    1211       1.076350     0.440119
  1    1212       0.176257     0.428299
  1    1213       0.779937     0.436185
  1    1214       1.232772     0.455773
  1    1215       0.927577     0.433941
  1    1216      -0.919099     0.403448
  1    1217      -0.217261     0.392674
  1    1218       0.629362     0.441427
  1    1219       0.037097     0.415298
  1    1220       0.176257     0.428299
  1    1221      -0.677869     0.384620
  1    1222      -0.919099     0.403448
  1    1223       0.037097     0.415298
  1    1224      -0.563483     0.380991
  1    1225      -0.093675     0.402880
  1    1226      -0.563483     0.380991
  1    1227      -0.563483     0.380991
  1    1228      -1.193828     0.436037
  1    1229       1.589156     0.499263
  1    1230       0.176257     0.428299
  1    1231       0.475990     0.443412
  1    1232      -0.795596     0.392069
  1    1233      -0.335418     0.385306
  1    1234       0.475990     0.443412
  1    1235      -0.093675     0.402880
  1    1236      -0.093675     0.402880
  1    1237       0.037097     0.415298
  1    1238       1.232772     0.455773
  1    1239       0.176257     0.428299
  1    1240      -0.919099     0.403448
  1    1241      -0.563483     0.380991
  1    1242      -1.831657     0.439228
  1    1243       1.232772     0.455773
  1    1244      -0.563483     0.380991
  1    1245      -0.919099     0.403448
  1    1246      -0.093675     0.402880
  1    1247       1.793137     0.523173
  1    1248       0.629362     0.441427
  1    1249       0.779937     0.436185
  1    1250      -0.919099     0.403448
  1    1251       2.667542     0.727755
  1    1252       0.323467     0.438769
  1    1253       0.037097     0.415298
  1    1254       0.176257     0.428299
  1    1255      -0.335418     0.385306
  1    1256       2.021810     0.562649
  1    1257      -1.193828     0.436037
  1    1258       0.037097     0.415298
  1    1259      -0.093675     0.402880
  1    1260       1.589156     0.499263
  1    1261       0.323467     0.438769
  1    1262      -0.450104     0.381261
  1    1263       0.323467     0.438769
  1    1264       0.323467     0.438769
  1    1265       2.021810     0.562649
  1    1266       1.793137     0.523173
  1    1267       0.927577     0.433941
  1    1268      -0.217261     0.392674
  1    1269       0.475990     0.443412
  1    1270       0.779937     0.436185
  1    1271      -0.919099     0.403448
  1    1272      -0.677869     0.384620
  1    1273      -0.919099     0.403448
  1    1274       1.076350     0.440119
  1    1275      -0.450104     0.381261
  1    1276       1.076350     0.440119
  1    1277      -0.677869     0.384620
  1    1278      -0.677869     0.384620
  1    1279      -0.677869     0.384620
  1    1280       0.475990     0.443412
  1    1281      -0.563483     0.380991
  1    1282      -0.450104     0.381261
  1    1283       0.779937     0.436185
  1    1284      -0.563483     0.380991
  1    1285       2.021810     0.562649
  1    1286       0.176257     0.428299
  1    1287      -1.051042     0.418664
  1    1288      -1.051042     0.418664
  1    1289      -0.450104     0.381261
  1    1290       1.232772     0.455773
  1    1291       0.475990     0.443412
  1    1292      -0.677869     0.384620
  1    1293      -0.093675     0.402880
  1    1294       0.779937     0.436185
  1    1295       0.323467     0.438769
  1    1296       1.076350     0.440119
  1    1297       0.927577     0.433941
  1    1298       1.076350     0.440119
  1    1299       0.176257     0.428299
  1    1300       0.323467     0.438769
  1    1301       1.793137     0.523173
  1    1302      -0.217261     0.392674
  1    1303       0.037097     0.415298
  1    1304      -0.217261     0.392674
  1    1305       0.779937     0.436185
  1    1306      -0.093675     0.402880
  1    1307       0.779937     0.436185
  1    1308       0.323467     0.438769
  1    1309       1.793137     0.523173
  1    1310       0.037097     0.415298
  1    1311      -0.217261     0.392674
  1    1312       1.076350     0.440119
  1    1313       1.402742     0.477121
  1    1314      -0.335418     0.385306
  1    1315      -0.563483     0.380991
  1    1316      -0.093675     0.402880
  1    1317       1.232772     0.455773
  1    1318      -0.450104     0.381261
  1    1319      -0.093675     0.402880
  1    1320      -0.563483     0.380991
  1    1321       0.779937     0.436185
  1    1322       0.629362     0.441427
  1    1323      -0.563483     0.380991
  1    1324      -0.093675     0.402880
  1    1325       0.629362     0.441427
  1    1326       0.927577     0.433941
  1    1327       2.021810     0.562649
  1    1328      -0.563483     0.380991
  1    1329      -1.510637     0.458986
  1    1330       1.793137     0.523173
  1    1331       0.927577     0.433941
  1    1332      -1.051042     0.418664
  1    1333      -0.919099     0.403448
  1    1334      -0.093675     0.402880
  1    1335       0.779937     0.436185
  1    1336       0.037097     0.415298
  1    1337      -0.919099     0.403448
  1    1338       0.475990     0.443412
  1    1339      -0.093675     0.402880
  1    1340      -0.450104     0.381261
  1    1341      -0.450104     0.381261
  1    1342      -0.795596     0.392069
  1    1343       1.232772     0.455773
  1    1344       1.076350     0.440119
  1    1345       0.323467     0.438769
  1    1346       0.176257     0.428299
  1    1347      -0.093675     0.402880
  1    1348      -0.919099     0.403448
  1    1349       0.475990     0.443412
  1    1350       0.323467     0.438769
  1    1351       0.037097     0.415298
  1    1352       0.475990     0.443412
  1    1353       0.037097     0.415298
  1    1354       1.232772     0.455773
  1    1355      -1.051042     0.418664
  1    1356       1.232772     0.455773
  1    1357       0.927577     0.433941
  1    1358       1.402742     0.477121
  1    1359       0.323467     0.438769
  1    1360      -0.677869     0.384620
  1    1361      -1.510637     0.458986
  1    1362       1.589156     0.499263
  1    1363       0.323467     0.438769
  1    1364       2.021810     0.562649
  1    1365      -0.217261     0.392674
  1    1366      -0.450104     0.381261
  1    1367       0.176257     0.428299
  1    1368      -1.674686     0.455042
  1    1369      -1.510637     0.458986
  1    1370       1.232772     0.455773
  1    1371       0.475990     0.443412
  1    1372       0.037097     0.415298
  1    1373       0.779937     0.436185
  1    1374      -0.093675     0.402880
  1    1375       0.629362     0.441427
  1    1376      -1.674686     0.455042
  1    1377      -0.217261     0.392674
  1    1378       0.176257     0.428299
  1    1379      -1.193828     0.436037
  1    1380       0.176257     0.428299
  1    1381      -0.450104     0.381261
  1    1382       0.037097     0.415298
  1    1383      -0.795596     0.392069
  1    1384       0.629362     0.441427
  1    1385       0.629362     0.441427
  1    1386       1.076350     0.440119
  1    1387      -0.093675     0.402880
  1    1388       3.101315     0.740784
  1    1389      -0.677869     0.384620
  1    1390      -0.093675     0.402880
  1    1391      -0.450104     0.381261
  1    1392      -0.093675     0.402880
  1    1393      -0.093675     0.402880
  1    1394      -0.795596     0.392069
  1    1395       0.323467     0.438769
  1    1396      -0.335418     0.385306
  1    1397      -1.193828     0.436037
  1    1398       0.037097     0.415298
  1    1399       2.021810     0.562649
  1    1400       0.323467     0.438769
  1    1401       0.176257     0.428299
  1    1402      -0.093675     0.402880
  1    1403      -0.677869     0.384620
  1    1404      -0.450104     0.381261
  1    1405      -0.563483     0.380991
  1    1406      -0.217261     0.392674
  1    1407       0.475990     0.443412
  1    1408       1.076350     0.440119
  1    1409      -1.193828     0.436037
  1    1410       0.037097     0.415298
  1    1411       1.589156     0.499263
  1    1412       1.076350     0.440119
  1    1413      -1.193828     0.436037
  1    1414       0.323467     0.438769
  1    1415      -0.563483     0.380991
  1    1416      -0.450104     0.381261
  1    1417       0.779937     0.436185
  1    1418       1.232772     0.455773
  1    1419       0.176257     0.428299
  1    1420       0.629362     0.441427
  1    1421      -0.093675     0.402880
  1    1422      -0.335418     0.385306
  1    1423       0.779937     0.436185
  1    1424       1.076350     0.440119
  1    1425       0.176257     0.428299
  1    1426      -0.795596     0.392069
  1    1427      -0.450104     0.381261
  1    1428       0.475990     0.443412
  1    1429       0.176257     0.428299
  1    1430       0.927577     0.433941
  1    1431      -0.795596     0.392069
  1    1432      -0.677869     0.384620
  1    1433       1.402742     0.477121
  1    1434      -0.563483     0.380991
  1    1435       0.176257     0.428299
  1    1436       1.589156     0.499263
  1    1437       1.793137     0.523173
  1    1438       0.037097     0.415298
  1    1439      -0.677869     0.384620
  1    1440       0.176257     0.428299
  1    1441      -1.051042     0.418664
  1    1442      -0.450104     0.381261
  1    1443       0.037097     0.415298
  1    1444      -0.217261     0.392674
  1    1445      -0.217261     0.392674
  1    1446       1.076350     0.440119
  1    1447      -0.563483     0.380991
  1    1448       0.037097     0.415298
  1    1449       1.076350     0.440119
  1    1450       0.323467     0.438769
  1    1451      -1.051042     0.418664
  1    1452      -0.795596     0.392069
  1    1453      -1.674686     0.455042
  1    1454       0.475990     0.443412
  1    1455      -1.051042     0.418664
  1    1456       0.629362     0.441427
  1    1457      -0.450104     0.381261
  1    1458      -0.093675     0.402880
  1    1459       0.629362     0.441427
  1    1460       0.475990     0.443412
  1    1461       0.037097     0.415298
  1    1462       0.927577     0.433941
  1    1463      -0.093675     0.402880
  1    1464       0.779937     0.436185
  1    1465       0.323467     0.438769
  1    1466      -1.051042     0.418664
  1    1467      -0.093675     0.402880
  1    1468      -1.674686     0.455042
  1    1469       0.629362     0.441427
  1    1470      -0.217261     0.392674
  1    1471       0.323467     0.438769
  1    1472       1.076350     0.440119
  1    1473       0.629362     0.441427
  1    1474      -0.093675     0.402880
  1    1475       0.779937     0.436185
  1    1476       0.323467     0.438769
  1    1477       0.323467     0.438769
  1    1478      -0.450104     0.381261
  1    1479       0.779937     0.436185
  1    1480       0.037097     0.415298
  1    1481       0.176257     0.428299
  1    1482      -1.051042     0.418664
  1    1483       0.037097     0.415298
  1    1484       0.037097     0.415298
  1    1485       0.475990     0.443412
  1    1486      -1.348044     0.451335
  1    1487      -0.217261     0.392674
  1    1488       0.037097     0.415298
  1    1489       0.323467     0.438769
  1    1490      -0.335418     0.385306
  1    1491      -1.510637     0.458986
  1    1492      -0.217261     0.392674
  1    1493       0.779937     0.436185
  1    1494      -0.563483     0.380991
  1    1495      -0.677869     0.384620
  1    1496      -0.335418     0.385306
  1    1497       0.779937     0.436185
  1    1498      -0.450104     0.381261
  1    1499      -1.674686     0.455042
  1    1500       0.323467     0.438769
  1    1501       0.629362     0.441427
  1    1502      -0.677869     0.384620
  1    1503      -1.974491     0.414234
  1    1504       0.176257     0.428299
  1    1505      -1.051042     0.418664
  1    1506       1.402742     0.477121
  1    1507       0.323467     0.438769
  1    1508      -1.674686     0.455042
  1    1509       0.779937     0.436185
  1    1510       1.402742     0.477121
  1    1511      -0.335418     0.385306
  1    1512      -0.335418     0.385306
  1    1513      -1.674686     0.455042
  1    1514      -1.674686     0.455042
  1    1515      -0.335418     0.385306
  1    1516      -0.450104     0.381261
  1    1517       0.927577     0.433941
  1    1518       0.927577     0.433941
  1    1519       0.475990     0.443412
  1    1520      -0.093675     0.402880
  1    1521      -0.563483     0.380991
  1    1522       0.037097     0.415298
  1    1523       0.927577     0.433941
  1    1524       0.176257     0.428299
  1    1525      -1.674686     0.455042
  1    1526      -1.831657     0.439228
  1    1527      -0.217261     0.392674
  1    1528      -0.335418     0.385306
  1    1529      -1.510637     0.458986
  1    1530       0.475990     0.443412
  1    1531      -0.217261     0.392674
  1    1532       1.402742     0.477121
  1    1533      -0.450104     0.381261
  1    1534       0.629362     0.441427
  1    1535       0.323467     0.438769
  1    1536      -1.510637     0.458986
  1    1537       0.037097     0.415298
  1    1538       0.779937     0.436185
  1    1539      -0.093675     0.402880
  1    1540       0.927577     0.433941
  1    1541       0.927577     0.433941
  1    1542       0.323467     0.438769
  1    1543       0.779937     0.436185
  1    1544       0.779937     0.436185
  1    1545       2.021810     0.562649
  1    1546       1.232772     0.455773
  1    1547      -0.093675     0.402880
  1    1548       0.629362     0.441427
  1    1549       1.589156     0.499263
  1    1550       2.021810     0.562649
  1    1551       0.323467     0.438769
  1    1552       1.076350     0.440119
  1    1553       0.176257     0.428299
  1    1554       1.076350     0.440119
  1    1555       2.021810     0.562649
  1    1556       0.927577     0.433941
  1    1557      -0.217261     0.392674
  1    1558       0.037097     0.415298
  1    1559      -0.217261     0.392674
  1    1560       0.323467     0.438769
  1    1561      -1.193828     0.436037
  1    1562       0.475990     0.443412
  1    1563      -0.093675     0.402880
  1    1564       0.323467     0.438769
  1    1565       0.779937     0.436185
  1    1566      -0.093675     0.402880
  1    1567       1.232772     0.455773
  1    1568       1.793137     0.523173
  1    1569      -1.193828     0.436037
  1    1570      -0.093675     0.402880
  1    1571       0.927577     0.433941
  1    1572       2.021810     0.562649
  1    1573       1.076350     0.440119
  1    1574       0.037097     0.415298
  1    1575       0.779937     0.436185
  1    1576       1.402742     0.477121
  1    1577      -0.919099     0.403448
  1    1578       0.475990     0.443412
  1    1579       1.076350     0.440119
  1    1580      -0.919099     0.403448
  1    1581      -1.510637     0.458986
  1    1582      -0.919099     0.403448
  1    1583      -1.193828     0.436037
  1    1584       2.300692     0.637539
  1    1585      -1.831657     0.439228
  1    1586      -0.335418     0.385306
  1    1587      -0.335418     0.385306
  1    1588       0.323467     0.438769
  1    1589      -0.919099     0.403448
  1    1590      -0.335418     0.385306
  1    1591      -1.051042     0.418664
  1    1592      -1.051042     0.418664
  1    1593       0.927577     0.433941
  1    1594       0.629362     0.441427
  1    1595       0.176257     0.428299
  1    1596      -0.677869     0.384620
  1    1597       1.232772     0.455773
  1    1598       0.176257     0.428299
  1    1599       1.076350     0.440119
  1    1600       0.176257     0.428299
  1    1601       0.927577     0.433941
  1    1602       1.232772     0.455773
  1    1603      -1.193828     0.436037
  1    1604      -0.795596     0.392069
  1    1605      -0.563483     0.380991
  1    1606       0.176257     0.428299
  1    1607      -0.795596     0.392069
  1    1608       0.323467     0.438769
  1    1609       0.475990     0.443412
  1    1610       0.927577     0.433941
  1    1611      -0.677869     0.384620
  1    1612      -0.563483     0.380991
  1    1613       0.323467     0.438769
  1    1614       0.779937     0.436185
  1    1615      -0.217261     0.392674
  1    1616      -0.450104     0.381261
  1    1617       1.793137     0.523173
  1    1618       0.475990     0.443412
  1    1619       0.779937     0.436185
  1    1620       0.176257     0.428299
  1    1621       0.037097     0.415298
  1    1622      -0.677869     0.384620
  1    1623      -0.919099     0.403448
  1    1624       1.076350     0.440119
  1    1625       0.927577     0.433941
  1    1626       0.037097     0.415298
  1    1627       0.475990     0.443412
  1    1628       1.232772     0.455773
  1    1629       0.779937     0.436185
  1    1630       1.793137     0.523173
  1    1631      -1.348044     0.451335
  1    1632      -0.795596     0.392069
  1    1633      -1.510637     0.458986
  1    1634      -0.450104     0.381261
  1    1635       0.176257     0.428299
  1    1636       0.475990     0.443412
  1    1637      -0.093675     0.402880
  1    1638       0.323467     0.438769
  1    1639      -1.051042     0.418664
  1    1640      -1.348044     0.451335
  1    1641      -0.450104     0.381261
  1    1642       0.779937     0.436185
  1    1643      -2.362745     0.286918
  1    1644      -1.051042     0.418664
  1    1645       0.779937     0.436185
  1    1646      -1.051042     0.418664
  1    1647      -0.217261     0.392674
  1    1648       2.021810     0.562649
  1    1649      -0.450104     0.381261
  1    1650      -0.217261     0.392674
  1    1651       1.076350     0.440119
  1    1652      -0.919099     0.403448
  1    1653       0.037097     0.415298
  1    1654       0.779937     0.436185
  1    1655      -0.563483     0.380991
  1    1656      -1.348044     0.451335
  1    1657       1.232772     0.455773
  1    1658      -1.051042     0.418664
  1    1659      -1.674686     0.455042
  1    1660      -0.093675     0.402880
  1    1661      -0.217261     0.392674
  1    1662      -1.831657     0.439228
  1    1663      -1.051042     0.418664
  1    1664       0.475990     0.443412
  1    1665      -1.193828     0.436037
  1    1666      -0.217261     0.392674
  1    1667      -0.450104     0.381261
  1    1668      -0.093675     0.402880
  1    1669      -0.795596     0.392069
  1    1670      -0.919099     0.403448
  1    1671       0.037097     0.415298
  1    1672      -1.510637     0.458986
  1    1673       1.232772     0.455773
  1    1674       1.402742     0.477121
  1    1675      -0.450104     0.381261
  1    1676      -0.217261     0.392674
  1    1677      -0.217261     0.392674
  1    1678       1.402742     0.477121
  1    1679      -0.450104     0.381261
  1    1680      -0.217261     0.392674
  1    1681      -0.677869     0.384620
  1    1682       1.076350     0.440119
  1    1683      -1.193828     0.436037
  1    1684      -0.563483     0.380991
  1    1685      -0.919099     0.403448
  1    1686      -0.093675     0.402880
  1    1687      -0.677869     0.384620
  1    1688      -0.677869     0.384620
  1    1689      -1.348044     0.451335
  1    1690       0.037097     0.415298
  1    1691      -1.193828     0.436037
  1    1692       0.176257     0.428299
  1    1693       0.629362     0.441427
  1    1694      -0.217261     0.392674
  1    1695       0.475990     0.443412
  1    1696      -0.563483     0.380991
  1    1697      -0.335418     0.385306
  1    1698       0.176257     0.428299
  1    1699      -0.335418     0.385306
  1    1700       1.589156     0.499263
  1    1701       0.037097     0.415298
  1    1702      -0.795596     0.392069
  1    1703       1.589156     0.499263
  1    1704       0.779937     0.436185
  1    1705      -0.563483     0.380991
  1    1706      -0.563483     0.380991
  1    1707      -0.677869     0.384620
  1    1708      -2.291571     0.317023
