  1       1      -0.676538     0.301544
  1       2      -0.452660     0.289645
  1       3      -0.518959     0.286968
  1       4      -0.526402     0.287094
  1       5      -0.410679     0.294515
  1       6      -0.622051     0.294715
  1       7       1.644033     0.570234
  1       8      -0.828768     0.316670
  1       9      -0.760886     0.311178
  1      10       0.959009     0.451190
  1      11      -0.052494     0.350564
  1      12       0.215600     0.386416
  1      13      -1.197870     0.325681
  1      14       0.510198     0.418985
  1      15       0.999790     0.454877
  1      16      -0.645230     0.297569
  1      17      -0.054377     0.350316
  1      18      -0.277256     0.317076
  1      19      -0.164289     0.335213
  1      20      -0.691001     0.303355
  1      21       0.976021     0.452688
  1      22       0.196886     0.383932
  1      23      -0.042867     0.351834
  1      24       0.265883     0.392928
  1      25       1.296623     0.493839
  1      26      -0.548579     0.287948
  1      27       0.146894     0.377205
  1      28      -0.554808     0.288309
  1      29      -1.221320     0.325444
  1      30       0.470478     0.415471
  1      31      -0.236619     0.323979
  1      32      -0.223013     0.326198
  1      33       0.019127     0.360013
  1      34      -0.714055     0.306139
  1      35       0.081174     0.368310
  1      36      -1.216156     0.325508
  1      37       0.242114     0.389883
  1      38       1.204388     0.479224
  1      39      -0.403742     0.295500
  1      40      -0.738892     0.308929
  1      41       1.132901     0.469507
  1      42      -0.455136     0.289427
  1      43      -0.985643     0.323029
  1      44      -0.745735     0.309652
  1      45       0.031627     0.361673
  1      46       0.166831     0.379900
  1      47       0.292217     0.396218
  1      48      -1.787427     0.334806
  1      49      -0.881660     0.319561
  1      50       0.663522     0.430430
  1      51      -0.449593     0.289928
  1      52       0.394147     0.407923
  1      53       1.304331     0.495168
  1      54       0.905760     0.446836
  1      55      -0.482276     0.287612
  1      56      -0.028210     0.353765
  1      57       0.727897     0.434633
  1      58       0.403627     0.408919
  1      59      -0.797120     0.314382
  1      60       0.518268     0.419667
  1      61      -0.439571     0.290939
  1      62      -1.015071     0.323728
  1      63      -0.108070     0.343131
  1      64      -0.453794     0.289544
  1      65      -0.666839     0.300313
  1      66      -1.173273     0.325781
  1      67      -1.280072     0.324259
  1      68      -0.243447     0.322847
  1      69      -0.667973     0.300457
  1      70       0.062663     0.365820
  1      71      -0.936416     0.321640
  1      72       0.106116     0.371680
  1      73       0.013241     0.359233
  1      74       1.313863     0.496836
  1      75       0.013771     0.359304
  1      76      -0.640353     0.296957
  1      77      -0.966987     0.322540
  1      78      -0.239401     0.323519
  1      79      -0.578522     0.290106
  1      80       0.852445     0.442899
  1      81       0.990393     0.453998
  1      82      -0.278648     0.316833
  1      83      -0.231632     0.324798
  1      84       0.145057     0.376956
  1      85       0.242170     0.389890
  1      86      -0.427985     0.292262
  1      87       0.606178     0.426470
  1      88       0.326074     0.400299
  1      89      -0.665538     0.300148
  1      90      -0.111265     0.342694
  1      91      -0.194583     0.330673
  1      92       0.520579     0.419860
  1      93       0.545877     0.421920
  1      94      -0.304507     0.312271
  1      95       1.671213     0.577506
  1      96      -0.701305     0.304619
  1      97      -0.307501     0.311739
  1      98      -0.252091     0.321397
  1      99      -0.212752     0.327838
  1     100       0.082930     0.368546
  1     101      -0.048817     0.351050
  1     102      -0.374567     0.300039
  1     103      -1.296833     0.323790
  1     104       0.143797     0.376786
  1     105      -0.753987     0.310497
  1     106       0.262218     0.392463
  1     107      -0.802483     0.314802
  1     108      -0.428548     0.292194
  1     109      -0.204735     0.329100
  1     110      -0.990303     0.323145
  1     111      -1.445633     0.319710
  1     112      -0.733679     0.308364
  1     113      -0.934026     0.321563
  1     114       0.511920     0.419131
  1     115      -0.596407     0.291835
  1     116       0.542446     0.421647
  1     117      -0.608518     0.293147
  1     118      -0.715911     0.306355
  1     119      -0.785726     0.313443
  1     120       0.164578     0.379596
  1     121       0.608517     0.426638
  1     122       0.849529     0.442693
  1     123       0.619201     0.427396
  1     124       0.754536     0.436350
  1     125      -0.287251     0.315326
  1     126       0.830075     0.441343
  1     127       0.546615     0.421979
  1     128      -0.419838     0.293285
  1     129      -0.465937     0.288574
  1     130      -1.310614     0.323373
  1     131      -0.572886     0.289623
  1     132       1.130983     0.469265
  1     133       1.186366     0.476645
  1     134       1.575689     0.552673
  1     135       0.366199     0.404892
  1     136      -0.383666     0.298564
  1     137      -0.466339     0.288545
  1     138       0.557985     0.422873
  1     139      -1.064241     0.324724
  1     140      -1.487459     0.319599
  1     141       0.083143     0.368575
  1     142      -1.407787     0.320399
  1     143      -0.186676     0.331880
  1     144      -1.142435     0.325704
  1     145      -0.012449     0.355841
  1     146      -0.861157     0.318564
  1     147      -0.768939     0.311945
  1     148       0.365011     0.404761
  1     149      -0.060463     0.349511
  1     150      -0.127808     0.340413
  1     151      -0.193448     0.330848
  1     152      -0.816911     0.315866
  1     153      -0.723189     0.307193
  1     154       0.159460     0.378905
  1     155       0.507340     0.418741
  1     156       1.193190     0.477611
  1     157       0.327477     0.400465
  1     158       0.650447     0.429551
  1     159      -0.140053     0.338696
  1     160       0.986930     0.453678
  1     161      -0.267513     0.318765
  1     162       0.479361     0.416280
  1     163      -0.536183     0.287384
  1     164      -0.462214     0.288849
  1     165      -1.538594     0.320566
  1     166      -1.392349     0.320800
  1     167       0.078404     0.367936
  1     168      -1.118187     0.325505
  1     169      -0.024342     0.354275
  1     170      -0.329130     0.307887
  1     171      -0.535267     0.287351
  1     172      -0.293684     0.314191
  1     173      -0.244201     0.322721
  1     174       0.599896     0.426017
  1     175       1.449168     0.523302
  1     176      -1.781820     0.334489
  1     177      -0.468337     0.288407
  1     178       1.199280     0.478484
  1     179       0.057183     0.365085
  1     180      -0.514156     0.286932
  1     181      -0.040926     0.352090
  1     182      -0.079627     0.346964
  1     183      -0.539072     0.287497
  1     184       0.807971     0.439849
  1     185      -0.706787     0.305279
  1     186      -1.279504     0.324274
  1     187      -0.505039     0.286963
  1     188       1.086686     0.463940
  1     189       0.061829     0.365708
  1     190      -0.583940     0.290600
  1     191       1.750108     0.599377
  1     192       0.239643     0.389563
  1     193      -0.306360     0.311942
  1     194      -1.050957     0.324477
  1     195       1.892857     0.640705
  1     196       0.439992     0.412585
  1     197      -0.192209     0.331037
  1     198      -1.566724     0.321604
  1     199      -1.639891     0.325557
  1     200      -1.268733     0.324547
  1     201       0.147285     0.377258
  1     202      -0.476447     0.287908
  1     203      -1.693599     0.329025
  1     204      -1.329142     0.322783
  1     205       2.065225     0.690004
  1     206      -0.179746     0.332925
  1     207      -0.511585     0.286928
  1     208       1.450079     0.523498
  1     209      -0.197532     0.330219
  1     210       0.684033     0.431787
  1     211       0.312633     0.398700
  1     212      -0.748703     0.309960
  1     213      -0.446176     0.290258
  1     214      -0.400948     0.295908
  1     215      -0.401361     0.295847
  1     216       0.067634     0.366487
  1     217       0.779096     0.437944
  1     218       0.388082     0.407278
  1     219       1.596329     0.557861
  1     220       1.509270     0.536716
  1     221      -0.288356     0.315131
  1     222       0.370280     0.405344
  1     223      -0.532295     0.287252
  1     224       0.164473     0.379582
  1     225       0.220910     0.387115
  1     226      -0.356937     0.303011
  1     227      -1.641339     0.325647
  1     228      -0.497615     0.287085
  1     229      -0.229860     0.325087
  1     230       1.056863     0.460631
  1     231      -0.806028     0.315072
  1     232       1.249865     0.486132
  1     233       0.766500     0.437125
  1     234      -0.402041     0.295748
  1     235      -0.433154     0.291652
  1     236       1.013060     0.456150
  1     237       0.319050     0.399467
  1     238      -0.197736     0.330188
  1     239       0.448470     0.413404
  1     240      -0.962881     0.322427
  1     241      -0.536576     0.287399
  1     242      -0.958711     0.322310
  1     243       0.312166     0.398644
  1     244       0.783431     0.438227
  1     245       0.957521     0.451062
  1     246      -0.315405     0.310331
  1     247      -0.804234     0.314936
  1     248       1.020930     0.456923
  1     249      -0.644211     0.297441
  1     250      -0.653824     0.298657
  1     251       0.696699     0.432615
  1     252      -0.327581     0.308162
  1     253      -0.689981     0.303229
  1     254       0.181829     0.381918
  1     255       2.402136     0.766652
  1     256      -0.707307     0.305341
  1     257       1.571911     0.551735
  1     258       1.373176     0.507795
  1     259      -0.280793     0.316459
  1     260      -0.081774     0.346678
  1     261       0.027000     0.361058
  1     262       0.384517     0.406895
  1     263       2.142182     0.710513
  1     264       0.507775     0.418778
  1     265       0.160901     0.379099
  1     266      -0.076820     0.347339
  1     267       1.319747     0.497879
  1     268      -0.316842     0.310074
  1     269      -0.463284     0.288767
  1     270       0.055729     0.364890
  1     271      -0.819225     0.316028
  1     272      -0.266456     0.318947
  1     273      -0.466289     0.288549
  1     274      -0.379566     0.299223
  1     275       0.052196     0.364417
  1     276      -1.059473     0.324638
  1     277      -0.565822     0.289064
  1     278       0.445197     0.413089
  1     279      -0.459528     0.289060
  1     280      -0.913495     0.320857
  1     281       1.076624     0.462799
  1     282      -1.267133     0.324586
  1     283       2.234786     0.733153
  1     284      -1.026439     0.323978
  1     285       0.926759     0.448497
  1     286       0.764027     0.436964
  1     287      -1.296150     0.323810
  1     288      -0.609726     0.293283
  1     289       0.031200     0.361616
  1     290       1.161401     0.473217
  1     291      -1.332837     0.322663
  1     292       0.364573     0.404712
  1     293      -0.545730     0.287800
  1     294      -1.108374     0.325394
  1     295      -0.969159     0.322599
  1     296       0.747238     0.435880
  1     297       0.409289     0.409506
  1     298      -0.539517     0.287515
  1     299       0.177677     0.381360
  1     300      -1.369239     0.321485
  1     301      -1.775429     0.334122
  1     302      -0.184813     0.332162
  1     303      -0.280645     0.316484
  1     304       0.753217     0.436265
  1     305       1.252392     0.486533
  1     306      -0.154095     0.336693
  1     307      -0.659823     0.299420
  1     308      -0.268375     0.318616
  1     309      -0.376960     0.299647
  1     310       0.375146     0.405878
  1     311       1.828603     0.621951
  1     312      -0.311273     0.311067
  1     313      -0.188966     0.331532
  1     314       0.671172     0.430939
  1     315       0.616554     0.427209
  1     316       0.967672     0.451946
  1     317       0.257560     0.391869
  1     318       1.061542     0.461136
  1     319      -0.082655     0.346560
  1     320      -0.981259     0.322918
  1     321      -0.268589     0.318580
  1     322      -0.104447     0.343624
  1     323      -0.817093     0.315879
  1     324      -0.063348     0.349129
  1     325      -0.415522     0.293854
  1     326      -0.300989     0.312896
  1     327      -0.778914     0.312851
  1     328      -0.974389     0.322739
  1     329       1.925074     0.650109
  1     330      -1.039847     0.324258
  1     331       0.363187     0.404557
  1     332       1.058050     0.460759
  1     333      -0.278834     0.316801
  1     334      -0.011962     0.355905
  1     335      -0.377933     0.299488
  1     336       3.218523     0.727386
  1     337       0.660897     0.430254
  1     338      -1.313250     0.323291
  1     339      -0.406008     0.295174
  1     340      -0.066667     0.348689
  1     341      -0.245793     0.322455
  1     342      -0.832007     0.316879
  1     343      -0.603567     0.292598
  1     344      -0.618565     0.294303
  1     345      -1.025530     0.323958
  1     346       1.099573     0.465438
  1     347      -0.094668     0.344947
  1     348      -0.293549     0.314215
  1     349      -0.190053     0.331367
  1     350      -0.334283     0.306973
  1     351       1.425206     0.518236
  1     352       3.002071     0.776926
  1     353      -0.571226     0.289487
  1     354      -0.999934     0.323379
  1     355       1.071658     0.462246
  1     356       2.635867     0.793299
  1     357      -0.566716     0.289132
  1     358      -0.285294     0.315670
  1     359       1.143743     0.470893
  1     360      -0.235738     0.324124
  1     361      -1.103553     0.325334
  1     362       2.024732     0.678737
  1     363      -0.314920     0.310417
  1     364       0.079948     0.368144
  1     365       1.109637     0.466637
  1     366      -0.105113     0.343533
  1     367      -0.342201     0.305575
  1     368      -0.918267     0.321029
  1     369      -0.037873     0.352493
  1     370       0.544941     0.421846
  1     371      -0.455811     0.289368
  1     372      -0.599595     0.292170
  1     373       0.706371     0.433243
  1     374       0.215250     0.386369
  1     375       0.753052     0.436255
  1     376       1.275928     0.490352
  1     377      -0.786538     0.313512
  1     378      -1.045452     0.324370
  1     379      -0.375232     0.299930
  1     380       1.529326     0.541413
  1     381      -0.460377     0.288992
  1     382       1.140660     0.470496
  1     383      -0.659122     0.299331
  1     384       1.442550     0.521887
  1     385      -0.120594     0.341413
  1     386       0.548463     0.422126
  1     387      -0.969418     0.322606
  1     388       1.199510     0.478517
  1     389       1.408016     0.514701
  1     390       0.451570     0.413700
  1     391      -0.325492     0.308534
  1     392       0.222041     0.387264
  1     393      -0.736698     0.308693
  1     394      -0.475365     0.287969
  1     395       0.857887     0.443285
  1     396      -0.412363     0.294283
  1     397      -0.438860     0.291015
  1     398       1.019858     0.456817
  1     399      -0.811521     0.315480
  1     400      -0.403534     0.295530
  1     401       1.096820     0.465114
  1     402      -1.816830     0.336403
  1     403      -0.034427     0.352947
  1     404       0.575116     0.424185
  1     405      -1.011046     0.323637
  1     406      -0.076080     0.347437
  1     407      -0.139407     0.338787
  1     408      -0.615464     0.293940
  1     409       2.451181     0.774339
  1     410      -0.841089     0.317440
  1     411       1.353167     0.503986
  1     412       0.455854     0.414107
  1     413       1.118348     0.467695
  1     414      -0.781118     0.313045
  1     415      -0.818917     0.316007
  1     416      -0.307741     0.311696
  1     417      -0.071230     0.348083
  1     418      -2.136443     0.352796
  1     419      -0.417261     0.293623
  1     420      -0.484999     0.287491
  1     421      -0.465599     0.288598
  1     422       0.392314     0.407729
  1     423      -0.422148     0.292988
  1     424       1.941370     0.654849
  1     425      -0.024624     0.354237
  1     426       0.391266     0.407618
  1     427       0.034724     0.362085
  1     428       1.193310     0.477628
  1     429      -0.625969     0.295186
  1     430       1.171246     0.474548
  1     431       0.616474     0.427204
  1     432       1.082317     0.463442
  1     433      -0.331105     0.307536
  1     434       3.372215     0.670419
  1     435       1.350165     0.503424
  1     436      -0.232030     0.324733
  1     437      -0.406734     0.295070
  1     438       0.693681     0.432418
  1     439       2.177881     0.719535
  1     440      -0.246557     0.322327
  1     441      -0.229477     0.325150
  1     442       0.503481     0.418410
  1     443       0.080993     0.368285
  1     444       0.076050     0.367619
  1     445       0.142621     0.376626
  1     446      -0.189040     0.331521
  1     447       0.393498     0.407855
  1     448      -0.532186     0.287249
  1     449      -0.110247     0.342834
  1     450       0.885759     0.445316
  1     451      -1.017358     0.323779
  1     452      -0.588875     0.291073
  1     453       0.533069     0.420889
  1     454       0.158838     0.378821
  1     455      -0.099120     0.344346
  1     456      -0.822062     0.316223
  1     457      -1.565597     0.321556
  1     458      -0.942923     0.321844
  1     459       0.092958     0.369900
  1     460       1.225991     0.482434
  1     461       1.424034     0.517992
  1     462      -0.354224     0.303478
  1     463      -1.172209     0.325782
  1     464       0.412290     0.409814
  1     465      -1.492745     0.319641
  1     466       0.538370     0.421319
  1     467       0.873496     0.444410
  1     468      -0.628062     0.295439
  1     469       1.351232     0.503624
  1     470      -0.780207     0.312965
  1     471      -1.856398     0.338392
  1     472       1.485024     0.531185
  1     473      -0.463832     0.288727
  1     474      -1.446174     0.319704
  1     475       0.503898     0.418446
  1     476       0.689221     0.432127
  1     477      -1.060040     0.324648
  1     478       1.373397     0.507838
  1     479       0.014868     0.359449
  1     480      -0.670991     0.300841
  1     481      -0.194437     0.330696
  1     482       2.718748     0.796237
  1     483       0.032550     0.361796
  1     484       0.258277     0.391961
  1     485       1.033249     0.458161
  1     486      -1.303188     0.323600
  1     487      -1.029197     0.324037
  1     488       0.921423     0.448068
  1     489       0.948273     0.450273
  1     490       0.312532     0.398688
  1     491       2.535919     0.785073
  1     492      -0.417160     0.293636
  1     493      -0.228763     0.325266
  1     494      -0.368139     0.301107
  1     495      -0.875259     0.319265
  1     496      -0.303087     0.312524
  1     497       0.818949     0.440586
  1     498       0.059676     0.365419
  1     499       1.843530     0.626297
  1     500       1.191677     0.477396
  1     501       0.136706     0.375825
  1     502       0.965323     0.451740
  1     503       0.959933     0.451270
  1     504      -0.393500     0.297026
  1     505       0.576800     0.424312
  1     506      -0.727402     0.307669
  1     507       0.800281     0.439337
  1     508      -0.375421     0.299899
  1     509       0.043899     0.363308
  1     510      -0.016419     0.355318
  1     511      -0.153279     0.336810
  1     512      -0.300947     0.312904
  1     513      -1.131677     0.325630
  1     514      -0.252277     0.321365
  1     515      -1.167351     0.325783
  1     516       0.398902     0.408425
  1     517      -0.694431     0.303779
  1     518      -0.035504     0.352805
  1     519      -0.204832     0.329085
  1     520      -0.154520     0.336632
  1     521      -0.404556     0.295382
  1     522       1.738855     0.596198
  1     523       1.124533     0.468458
  1     524      -0.339685     0.306019
  1     525      -0.617107     0.294132
  1     526      -1.492871     0.319643
  1     527      -0.231770     0.324775
  1     528       0.115136     0.372901
  1     529       1.049203     0.459815
  1     530       0.810905     0.440045
  1     531       1.655211     0.573206
  1     532      -0.070275     0.348210
  1     533       0.926876     0.448506
  1     534      -0.371475     0.300550
  1     535      -0.400659     0.295951
  1     536      -0.097201     0.344605
  1     537      -0.547183     0.287874
  1     538       1.568696     0.550939
  1     539      -0.608781     0.293176
  1     540      -0.565562     0.289045
  1     541      -0.010201     0.356137
  1     542      -0.801307     0.314711
  1     543       0.678854     0.431446
  1     544       0.620307     0.427474
  1     545      -0.152898     0.336865
  1     546      -0.232549     0.324648
  1     547      -1.401945     0.320544
  1     548      -0.591137     0.291297
  1     549      -0.206276     0.328859
  1     550      -0.672248     0.301001
  1     551      -0.458126     0.289174
  1     552      -0.841394     0.317458
  1     553       0.441052     0.412688
  1     554      -0.623765     0.294920
  1     555       0.697722     0.432681
  1     556       2.168955     0.717312
  1     557       0.234889     0.388945
  1     558      -0.724004     0.307286
  1     559      -0.142222     0.338389
  1     560       0.562402     0.423215
  1     561       0.972691     0.452390
  1     562       0.647035     0.429320
  1     563       0.856191     0.443164
  1     564       0.900949     0.446465
  1     565       1.456471     0.524879
  1     566       0.355723     0.403720
  1     567      -0.956040     0.322234
  1     568       0.777615     0.437847
  1     569       0.470714     0.415492
  1     570       0.008072     0.358550
  1     571       1.021623     0.456992
  1     572       0.067050     0.366409
  1     573      -1.005518     0.323510
  1     574       0.170906     0.380449
  1     575      -1.197420     0.325684
  1     576       0.596149     0.425745
  1     577      -1.554997     0.321131
  1     578      -0.826281     0.316506
  1     579      -0.485744     0.287460
  1     580       0.347029     0.402733
  1     581      -0.044761     0.351585
  1     582       0.890893     0.445701
  1     583      -1.014613     0.323718
  1     584      -0.973858     0.322725
  1     585      -0.309281     0.311422
  1     586       0.815816     0.440375
  1     587       0.902048     0.446550
  1     588      -0.024775     0.354218
  1     589      -0.743281     0.309395
  1     590      -0.238217     0.323715
  1     591       1.023855     0.457214
  1     592      -0.440114     0.290881
  1     593      -0.589907     0.291175
  1     594      -0.395676     0.296695
  1     595       2.009314     0.674380
  1     596       1.197619     0.478245
  1     597       0.578997     0.424477
  1     598      -0.737708     0.308802
  1     599       0.715907     0.433860
  1     600      -0.571727     0.289527
  1     601      -0.302102     0.312699
  1     602      -0.305849     0.312033
  1     603       0.636959     0.428631
  1     604      -0.604442     0.292694
  1     605      -0.425808     0.292529
  1     606      -0.903976     0.320497
  1     607       0.216123     0.386485
  1     608       2.059157     0.688333
  1     609      -1.345101     0.322262
  1     610      -0.470828     0.288243
  1     611       1.481881     0.530480
  1     612      -0.230963     0.324907
  1     613       1.244621     0.485306
  1     614       1.491647     0.532680
  1     615       0.772172     0.437493
  1     616      -0.426084     0.292494
  1     617      -0.226320     0.325663
  1     618      -0.929792     0.321424
  1     619      -0.553965     0.288257
  1     620       0.544976     0.421849
  1     621       0.348360     0.402885
  1     622      -0.691650     0.303436
  1     623      -0.833166     0.316952
  1     624       0.176002     0.381135
  1     625      -0.132382     0.339775
  1     626       0.185599     0.382423
  1     627       0.933091     0.449011
  1     628      -0.492316     0.287225
  1     629      -0.362079     0.302131
  1     630      -0.657168     0.299082
  1     631       0.588367     0.425174
  1     632      -1.420303     0.320120
  1     633      -0.344290     0.305209
  1     634      -0.689367     0.303153
  1     635       0.281096     0.394840
  1     636      -0.882340     0.319591
  1     637       0.341941     0.402149
  1     638      -0.714527     0.306194
  1     639      -0.626024     0.295192
  1     640       0.985963     0.453589
  1     641      -1.299940     0.323698
  1     642       1.794442     0.612056
  1     643      -0.299204     0.313213
  1     644       1.382268     0.509564
  1     645       3.465431     0.625447
  1     646      -0.653586     0.298627
  1     647      -1.275101     0.324388
  1     648      -0.058071     0.349827
  1     649      -0.401380     0.295844
  1     650       0.670033     0.430863
  1     651      -0.178004     0.333186
  1     652      -0.364119     0.301785
  1     653      -0.154949     0.336570
  1     654       0.326144     0.400308
  1     655       2.697040     0.795820
  1     656      -0.027616     0.353843
  1     657       1.167694     0.474065
  1     658      -0.582161     0.290434
  1     659      -2.022891     0.346329
  1     660      -0.698111     0.304230
  1     661      -1.053034     0.324517
  1     662      -1.837464     0.337460
  1     663      -0.017394     0.355190
  1     664       2.168325     0.717154
  1     665      -0.379074     0.299302
  1     666      -0.388077     0.297866
  1     667      -0.336999     0.306492
  1     668       0.622463     0.427625
  1     669       0.929887     0.448750
  1     670      -0.337662     0.306375
  1     671      -0.160694     0.335738
  1     672       0.371001     0.405423
  1     673       1.324908     0.498801
  1     674      -0.619375     0.294398
  1     675      -0.620141     0.294489
  1     676       0.798770     0.439237
  1     677      -0.156545     0.336339
  1     678       0.441889     0.412769
  1     679      -0.088461     0.345782
  1     680      -0.506287     0.286951
  1     681       0.727453     0.434605
  1     682       1.294998     0.493561
  1     683      -1.838546     0.337514
  1     684       0.217977     0.386729
  1     685      -0.100477     0.344162
  1     686      -1.307024     0.323484
  1     687      -1.197860     0.325681
  1     688       3.190350     0.735749
  1     689      -1.955946     0.343029
  1     690       1.165771     0.473805
  1     691       2.118270     0.704285
  1     692      -0.322228     0.309115
  1     693      -1.664892     0.327151
  1     694      -1.198582     0.325676
  1     695      -0.363513     0.301887
  1     696      -0.585540     0.290751
  1     697      -0.061152     0.349420
  1     698      -0.755239     0.310622
  1     699       0.358943     0.404083
  1     700      -0.218388     0.326941
  1     701      -1.147989     0.325733
  1     702      -0.580005     0.290238
  1     703       0.007480     0.358471
  1     704      -1.613645     0.323980
  1     705       0.959632     0.451244
  1     706      -0.548775     0.287958
  1     707       1.379855     0.509093
  1     708       1.579326     0.553580
  1     709       0.105066     0.371538
  1     710       0.016242     0.359631
  1     711       0.300032     0.397176
  1     712      -1.077894     0.324958
  1     713      -0.180551     0.332804
  1     714      -0.486534     0.287428
  1     715       1.058727     0.460832
  1     716       0.447628     0.413323
  1     717       0.428946     0.411497
  1     718      -1.448242     0.319681
  1     719      -0.699695     0.304423
  1     720      -1.438128     0.319807
  1     721      -1.465784     0.319561
  1     722      -1.662417     0.326991
  1     723      -1.567404     0.321633
  1     724      -0.328671     0.307968
  1     725      -0.943289     0.321855
  1     726       0.357584     0.403930
  1     727       0.740790     0.435464
  1     728      -0.604792     0.292733
  1     729      -0.056716     0.350006
  1     730       0.015421     0.359522
  1     731      -1.081806     0.325021
  1     732      -1.152356     0.325752
  1     733       0.890110     0.445642
  1     734       0.288398     0.395747
  1     735      -0.755938     0.310692
  1     736       1.302995     0.494937
  1     737       1.914120     0.646915
  1     738      -0.666251     0.300238
  1     739       0.591202     0.425383
  1     740      -1.175766     0.325778
  1     741       0.943596     0.449880
  1     742       0.438212     0.412411
  1     743       0.147221     0.377249
  1     744       2.064150     0.689708
  1     745      -0.214619     0.327542
  1     746       0.566587     0.423537
  1     747      -0.599368     0.292146
  1     748      -0.798920     0.314524
  1     749      -0.402958     0.295614
  1     750       0.155973     0.378433
  1     751       0.385686     0.407021
  1     752       0.896026     0.446089
  1     753      -0.756292     0.310727
  1     754      -0.061056     0.349432
  1     755       0.395943     0.408113
  1     756      -0.587234     0.290913
  1     757      -1.871792     0.339128
  1     758      -1.169924     0.325783
  1     759      -1.427749     0.319976
  1     760      -1.021664     0.323874
  1     761      -0.506086     0.286953
  1     762       0.521249     0.419916
  1     763       0.404360     0.408995
  1     764      -1.153253     0.325755
  1     765       0.170988     0.380460
  1     766      -1.064645     0.324731
  1     767      -0.616248     0.294031
  1     768       0.793957     0.438919
  1     769      -0.292650     0.314374
  1     770      -0.800650     0.314660
  1     771      -1.298884     0.323729
  1     772      -0.481356     0.287655
  1     773       0.156219     0.378467
  1     774      -1.017029     0.323772
  1     775       0.863387     0.443678
  1     776      -0.281609     0.316316
  1     777      -0.747135     0.309798
  1     778      -0.491680     0.287245
  1     779      -0.322165     0.309126
  1     780       1.693971     0.583706
  1     781      -0.103942     0.343692
  1     782      -0.293315     0.314256
  1     783       0.724808     0.434434
  1     784      -0.076132     0.347430
  1     785       0.049722     0.364086
  1     786       1.309835     0.496128
  1     787      -0.494308     0.287167
  1     788      -1.130820     0.325623
  1     789       0.561234     0.423125
  1     790       1.338494     0.501265
  1     791      -0.302068     0.312705
  1     792      -0.560436     0.288677
  1     793      -1.122801     0.325551
  1     794      -1.612569     0.323919
  1     795      -0.877179     0.319355
  1     796      -0.302205     0.312680
  1     797      -0.564518     0.288967
  1     798      -1.880588     0.339542
  1     799      -0.536493     0.287396
  1     800      -0.311676     0.310995
  1     801      -0.790088     0.313809
  1     802       1.005013     0.455373
  1     803       1.124622     0.468469
  1     804       1.720847     0.591147
  1     805      -0.067082     0.348634
  1     806       1.217194     0.481112
  1     807      -0.598503     0.292054
  1     808      -0.323713     0.308850
  1     809       1.334729     0.500577
  1     810      -0.682488     0.302294
  1     811      -0.317375     0.309979
  1     812      -0.055809     0.350126
  1     813      -0.377726     0.299522
  1     814       1.049118     0.459807
  1     815      -0.520688     0.286990
  1     816      -0.077180     0.347291
  1     817       0.799609     0.439292
  1     818      -0.486051     0.287448
  1     819       1.377289     0.508593
  1     820      -0.942121     0.321819
  1     821      -0.199617     0.329896
  1     822       0.077393     0.367800
  1     823      -0.165242     0.335074
  1     824      -0.730729     0.308039
  1     825       0.005195     0.358169
  1     826       0.185394     0.382396
  1     827       0.416452     0.410240
  1     828      -1.029817     0.324050
  1     829      -0.279027     0.316767
  1     830      -0.234873     0.324266
  1     831       0.105955     0.371658
  1     832      -1.162339     0.325778
  1     833       1.045155     0.459390
  1     834      -0.031872     0.353283
  1     835      -0.625997     0.295189
  1     836      -0.445392     0.290336
  1     837      -0.338153     0.306289
  1     838      -0.818861     0.316003
  1     839      -0.033777     0.353032
  1     840       0.266232     0.392972
  1     841      -0.406619     0.295086
  1     842       0.262761     0.392532
  1     843       0.900638     0.446441
  1     844      -0.836170     0.317140
  1     845       0.246040     0.390390
  1     846      -0.726729     0.307593
  1     847       0.813154     0.440196
  1     848      -0.465727     0.288588
  1     849      -0.237804     0.323783
  1     850       0.708013     0.433349
  1     851      -1.467501     0.319556
  1     852       1.210519     0.480122
  1     853      -0.505813     0.286955
  1     854      -0.228951     0.325235
  1     855      -0.668071     0.300470
  1     856      -0.477938     0.287827
  1     857      -0.377102     0.299623
  1     858       0.158912     0.378831
  1     859       1.007260     0.455589
  1     860       1.325354     0.498881
  1     861       1.122304     0.468182
  1     862       0.631462     0.428252
  1     863      -0.545199     0.287773
  1     864      -0.412210     0.294304
  1     865       1.787249     0.609985
  1     866      -0.615583     0.293954
  1     867       1.532176     0.542089
  1     868      -1.152304     0.325752
  1     869      -0.394275     0.296908
  1     870      -0.633436     0.296097
  1     871      -0.466621     0.288525
  1     872      -0.378173     0.299449
  1     873       0.333273     0.401144
  1     874      -1.380231     0.321149
  1     875      -0.442373     0.290643
  1     876      -1.620971     0.324407
  1     877       1.331530     0.499996
  1     878       0.801485     0.439417
  1     879      -0.319177     0.309658
  1     880       0.656976     0.429991
  1     881       1.882831     0.637775
  1     882       0.171593     0.380541
  1     883      -0.095656     0.344814
  1     884      -0.100632     0.344141
  1     885      -0.253199     0.321210
  1     886      -1.384756     0.321015
  1     887       1.515957     0.538270
  1     888      -0.061310     0.349399
  1     889      -0.348462     0.304479
  1     890      -0.204904     0.329073
  1     891      -1.025862     0.323965
  1     892      -0.618109     0.294249
  1     893      -0.943417     0.321859
  1     894       1.266581     0.488817
  1     895      -0.294364     0.314071
  1     896      -0.318366     0.309803
  1     897      -0.537926     0.287451
  1     898      -1.568863     0.321696
  1     899      -0.106112     0.343397
  1     900       0.033801     0.361962
  1     901      -0.575777     0.289866
  1     902      -0.411742     0.294368
  1     903       0.184763     0.382311
  1     904      -0.494140     0.287172
  1     905      -1.135075     0.325656
  1     906       0.999901     0.454887
  1     907       0.535306     0.421071
  1     908      -0.232070     0.324726
  1     909      -0.828939     0.316681
  1     910      -0.901030     0.320382
  1     911      -0.054623     0.350283
  1     912      -0.540381     0.287551
  1     913      -0.036787     0.352636
  1     914      -0.537591     0.287438
  1     915       1.682871     0.580670
  1     916       0.087319     0.369138
  1     917       1.361042     0.505472
  1     918      -0.319011     0.309688
  1     919      -1.391338     0.320828
  1     920       0.937811     0.449399
  1     921       0.278491     0.394515
  1     922      -0.852367     0.318091
  1     923       0.352608     0.403368
  1     924      -0.949922     0.322055
  1     925       0.083047     0.368562
  1     926       0.827548     0.441171
  1     927      -0.578188     0.290076
  1     928      -0.930687     0.321454
  1     929       0.351884     0.403286
  1     930       0.094814     0.370151
  1     931      -0.899400     0.320317
  1     932      -0.321286     0.309283
  1     933      -0.061071     0.349430
  1     934      -1.022976     0.323903
  1     935      -0.183465     0.332366
  1     936      -1.060374     0.324654
  1     937      -0.049446     0.350967
  1     938      -0.469043     0.288360
  1     939       0.327941     0.400519
  1     940      -0.408696     0.294792
  1     941       0.630688     0.428198
  1     942      -0.137613     0.339040
  1     943       0.118449     0.373350
  1     944       1.097888     0.465240
  1     945      -1.215737     0.325513
  1     946      -0.240144     0.323396
  1     947       0.087561     0.369171
  1     948       0.568664     0.423696
  1     949      -0.142949     0.338286
  1     950      -0.427642     0.292304
  1     951      -0.120418     0.341437
  1     952      -0.019178     0.354955
  1     953      -0.806271     0.315091
  1     954      -0.361739     0.302189
  1     955       1.068740     0.461923
  1     956      -1.406430     0.320432
  1     957      -0.330805     0.307590
  1     958      -1.147253     0.325730
  1     959      -0.209467     0.328357
  1     960       0.012874     0.359185
  1     961      -0.261985     0.319715
  1     962      -2.095971     0.350376
  1     963       1.334362     0.500510
  1     964      -0.505940     0.286954
  1     965      -0.221567     0.326431
  1     966      -1.642346     0.325710
  1     967       0.508953     0.418879
  1     968       0.392738     0.407774
  1     969      -0.299055     0.313240
  1     970       0.621108     0.427530
  1     971      -0.375107     0.299950
  1     972      -0.576246     0.289907
  1     973      -0.342074     0.305598
  1     974      -0.611979     0.293539
  1     975      -0.259411     0.320154
  1     976       0.330595     0.400831
  1     977      -0.827971     0.316618
  1     978      -0.913732     0.320865
  1     979      -0.635208     0.296316
  1     980       0.749023     0.435995
  1     981      -0.935050     0.321596
  1     982       0.858572     0.443334
  1     983       0.038204     0.362549
  1     984      -0.549692     0.288009
  1     985       0.613677     0.427006
  1     986      -0.171717     0.334121
  1     987      -1.317931     0.323143
  1     988       0.110137     0.372224
  1     989       1.819726     0.619372
  1     990       2.116341     0.703776
  1     991       0.869956     0.444153
  1     992       0.609807     0.426730
  1     993      -0.658028     0.299192
  1     994      -0.396607     0.296555
  1     995       0.523535     0.420106
  1     996       0.095177     0.370200
  1     997       2.104770     0.700708
  1     998       1.145249     0.471088
  1     999       0.240972     0.389735
  1    1000      -0.739265     0.308969
  1    1001       0.876127     0.444603
  1    1002       0.847620     0.442559
  1    1003      -1.624418     0.324612
  1    1004       0.964435     0.451662
  1    1005       1.510074     0.536903
  1    1006      -0.207831     0.328615
  1    1007       1.151105     0.471852
  1    1008      -0.478274     0.287810
  1    1009      -0.675019     0.301352
  1    1010       0.657327     0.430015
  1    1011       0.412844     0.409871
  1    1012       0.003994     0.358011
  1    1013       0.920874     0.448024
  1    1014      -0.530357     0.287194
  1    1015      -0.512675     0.286929
  1    1016       0.147648     0.377307
  1    1017      -0.684221     0.302511
  1    1018       0.903728     0.446679
  1    1019       0.453248     0.413860
  1    1020       0.775090     0.437683
  1    1021      -1.263771     0.324665
  1    1022      -0.226537     0.325628
  1    1023      -0.932474     0.321512
  1    1024       1.044755     0.459348
  1    1025       0.068469     0.366599
  1    1026       3.204720     0.731559
  1    1027      -0.821474     0.316183
  1    1028      -0.462311     0.288841
  1    1029      -1.277187     0.324335
  1    1030      -1.776591     0.334190
  1    1031      -2.118036     0.351683
  1    1032      -0.565532     0.289043
  1    1033      -0.254395     0.321007
  1    1034      -2.095586     0.350353
  1    1035      -0.556608     0.288422
  1    1036      -0.398094     0.296331
  1    1037       3.218820     0.727295
  1    1038      -0.399273     0.296156
  1    1039      -0.526835     0.287104
  1    1040      -0.647775     0.297890
  1    1041       0.601364     0.426124
  1    1042      -0.560818     0.288703
  1    1043       1.253246     0.486669
  1    1044       0.482392     0.416553
  1    1045       1.642400     0.569802
  1    1046       0.173702     0.380825
  1    1047      -0.583101     0.290521
  1    1048      -0.545585     0.287792
  1    1049       0.866738     0.443920
  1    1050       3.095798     0.759517
  1    1051      -1.134734     0.325653
  1    1052      -0.350813     0.304070
  1    1053      -0.500299     0.287031
  1    1054      -0.199621     0.329896
  1    1055       0.867465     0.443972
  1    1056       0.667490     0.430694
  1    1057       0.180096     0.381685
  1    1058      -0.352387     0.303796
  1    1059      -0.454947     0.289443
  1    1060       1.067605     0.461798
  1    1061      -2.081275     0.349525
  1    1062      -0.738182     0.308853
  1    1063       1.163682     0.473523
  1    1064       0.704972     0.433152
  1    1065      -0.135499     0.339338
  1    1066       0.836513     0.441786
  1    1067       1.015191     0.456358
  1    1068       0.349085     0.402967
  1    1069       0.193946     0.383540
  1    1070      -1.763743     0.333438
  1    1071      -0.563862     0.288919
  1    1072      -0.258204     0.320360
  1    1073       0.310892     0.398491
  1    1074       1.530749     0.541750
  1    1075      -0.305545     0.312087
  1    1076       0.149015     0.377492
  1    1077       0.400782     0.408622
  1    1078       2.291560     0.745687
  1    1079       0.827415     0.441162
  1    1080       0.777381     0.437832
  1    1081      -0.063983     0.349045
  1    1082      -0.642028     0.297167
  1    1083      -1.317966     0.323142
  1    1084      -1.282033     0.324206
  1    1085       0.609550     0.426712
  1    1086      -1.966586     0.343532
  1    1087      -0.627507     0.295372
  1    1088      -0.582466     0.290463
  1    1089       0.523216     0.420079
  1    1090      -0.173266     0.333891
  1    1091      -1.175641     0.325778
  1    1092       0.749693     0.436038
  1    1093       0.523570     0.420109
  1    1094      -0.063871     0.349059
  1    1095      -0.563936     0.288925
  1    1096      -0.886843     0.319791
  1    1097       0.245169     0.390278
  1    1098      -0.284740     0.315767
  1    1099      -0.630330     0.295716
  1    1100      -1.853992     0.338275
  1    1101       0.262689     0.392523
  1    1102      -0.371532     0.300541
  1    1103       0.958127     0.451114
  1    1104      -0.374482     0.300053
  1    1105      -2.247966     0.359744
  1    1106       0.826046     0.441068
  1    1107      -1.140180     0.325690
  1    1108       2.510602     0.782215
  1    1109       1.767202     0.604240
  1    1110       0.366714     0.404950
  1    1111      -0.628586     0.295503
  1    1112       0.551417     0.422359
  1    1113      -1.069657     0.324819
  1    1114      -1.034860     0.324155
  1    1115      -0.711671     0.305859
  1    1116       0.602666     0.426218
  1    1117      -1.778786     0.334316
  1    1118      -0.389783     0.297600
  1    1119       1.445681     0.522555
  1    1120       0.788106     0.438534
  1    1121      -0.126850     0.340546
  1    1122      -0.770025     0.312046
  1    1123      -0.161943     0.335556
  1    1124      -1.114274     0.325463
  1    1125       1.056722     0.460616
  1    1126       0.156279     0.378475
  1    1127       0.604396     0.426342
  1    1128      -1.014625     0.323718
  1    1129       0.036469     0.362318
  1    1130      -0.129120     0.340230
  1    1131      -0.924789     0.321256
  1    1132       2.433906     0.771751
  1    1133       0.634835     0.428485
  1    1134      -0.135635     0.339319
  1    1135       0.567456     0.423603
  1    1136       1.913896     0.646850
  1    1137      -1.248058     0.325004
  1    1138      -1.037081     0.324201
  1    1139      -0.346567     0.304810
  1    1140      -0.277943     0.316956
  1    1141      -0.322697     0.309031
  1    1142      -1.272390     0.324457
  1    1143      -0.347523     0.304643
  1    1144       1.350990     0.503579
  1    1145      -0.212422     0.327890
  1    1146       0.658070     0.430065
  1    1147      -0.886784     0.319788
  1    1148       0.751151     0.436132
  1    1149      -0.165807     0.334991
  1    1150      -1.444766     0.319720
  1    1151      -0.481104     0.287667
  1    1152      -0.076356     0.347401
  1    1153      -0.843378     0.317576
  1    1154       0.260908     0.392296
  1    1155      -0.450311     0.289861
  1    1156      -0.611898     0.293529
  1    1157       0.381570     0.406577
  1    1158      -0.273957     0.317650
  1    1159      -0.047161     0.351268
  1    1160      -0.464466     0.288680
  1    1161       1.729320     0.593517
  1    1162       0.470057     0.415432
  1    1163       0.733583     0.435000
  1    1164      -0.165036     0.335104
  1    1165      -1.433073     0.319885
  1    1166      -0.480693     0.287687
  1    1167      -0.477701     0.287840
  1    1168       1.668615     0.576804
  1    1169       0.253323     0.391327
  1    1170       0.846487     0.442480
  1    1171      -1.841290     0.337651
  1    1172      -0.157296     0.336231
  1    1173      -0.656254     0.298966
  1    1174      -0.313981     0.310584
  1    1175      -0.459360     0.289073
  1    1176       1.014121     0.456253
  1    1177      -0.359031     0.302651
  1    1178      -0.766719     0.311736
  1    1179      -1.105255     0.325356
  1    1180       1.378215     0.508773
  1    1181       1.946589     0.656364
  1    1182      -0.387877     0.297898
  1    1183      -0.499475     0.287046
  1    1184      -0.012007     0.355899
  1    1185      -0.522854     0.287024
  1    1186      -0.302771     0.312580
  1    1187       0.599120     0.425961
  1    1188      -0.637179     0.296561
  1    1189       1.060026     0.460972
  1    1190       0.098403     0.370636
  1    1191      -0.253724     0.321121
  1    1192      -0.379170     0.299287
  1    1193      -0.400571     0.295964
  1    1194      -0.911714     0.320791
  1    1195       0.531420     0.420755
  1    1196       2.291658     0.745708
  1    1197       0.244250     0.390159
  1    1198       0.622664     0.427639
  1    1199      -0.907807     0.320645
  1    1200      -0.790403     0.313836
  1    1201      -1.137434     0.325672
  1    1202      -0.588603     0.291046
  1    1203       0.058574     0.365271
  1    1204      -0.122870     0.341098
  1    1205       0.122275     0.373869
  1    1206      -0.917558     0.321004
  1    1207      -1.865807     0.338844
  1    1208      -0.455099     0.289430
  1    1209      -0.412460     0.294270
  1    1210      -0.666520     0.300273
  1    1211       0.967686     0.451947
  1    1212      -0.066025     0.348774
  1    1213       0.720231     0.434139
  1    1214       1.398901     0.512861
  1    1215       0.875631     0.444567
  1    1216      -0.824543     0.316391
  1    1217      -0.106821     0.343301
  1    1218       0.374920     0.405853
  1    1219       0.153970     0.378162
  1    1220       0.391235     0.407614
  1    1221      -0.713653     0.306092
  1    1222      -1.038490     0.324230
  1    1223      -0.096737     0.344668
  1    1224      -0.715502     0.306308
  1    1225      -0.156889     0.336290
  1    1226      -0.807399     0.315175
  1    1227      -0.689924     0.303222
  1    1228      -0.969090     0.322597
  1    1229       1.416688     0.516474
  1    1230       0.281877     0.394937
  1    1231       0.175269     0.381036
  1    1232      -0.583624     0.290570
  1    1233      -0.356581     0.303072
  1    1234       0.471484     0.415563
  1    1235      -0.128858     0.340267
  1    1236      -0.026117     0.354041
  1    1237       0.051708     0.364352
  1    1238       1.316144     0.497239
  1    1239      -0.025301     0.354148
  1    1240      -1.135542     0.325659
  1    1241      -0.494879     0.287152
  1    1242      -1.503486     0.319769
  1    1243       1.180969     0.475889
  1    1244      -0.668882     0.300573
  1    1245      -1.243211     0.325097
  1    1246      -0.369942     0.300806
  1    1247       2.092334     0.697377
  1    1248       0.183804     0.382183
  1    1249       0.721648     0.434231
  1    1250      -0.663778     0.299924
  1    1251       3.095798     0.759517
  1    1252       0.233265     0.388733
  1    1253      -0.218898     0.326859
  1    1254      -0.193556     0.330831
  1    1255      -0.320401     0.309440
  1    1256       2.231535     0.732402
  1    1257      -1.003543     0.323464
  1    1258       0.079785     0.368122
  1    1259      -0.114609     0.342236
  1    1260       1.688110     0.582100
  1    1261       0.104360     0.371442
  1    1262      -0.573238     0.289652
  1    1263       0.346271     0.402646
  1    1264       0.321678     0.399780
  1    1265       2.244600     0.735398
  1    1266       1.931853     0.652083
  1    1267       1.208654     0.479848
  1    1268      -0.197348     0.330247
  1    1269       0.290717     0.396033
  1    1270       0.455147     0.414040
  1    1271      -0.863375     0.318679
  1    1272      -0.454685     0.289466
  1    1273      -0.968988     0.322595
  1    1274       1.181593     0.475976
  1    1275      -0.668742     0.300555
  1    1276       0.993352     0.454272
  1    1277      -0.519078     0.286970
  1    1278      -0.479716     0.287735
  1    1279      -0.449644     0.289923
  1    1280       0.524381     0.420176
  1    1281      -0.555721     0.288366
  1    1282      -0.520789     0.286991
  1    1283       0.690223     0.432192
  1    1284      -0.470164     0.288286
  1    1285       2.170658     0.717738
  1    1286       0.285563     0.395396
  1    1287      -0.943796     0.321870
  1    1288      -1.102985     0.325327
  1    1289      -0.667368     0.300380
  1    1290       1.270644     0.489481
  1    1291       0.409240     0.409501
  1    1292      -0.448687     0.290014
  1    1293      -0.048557     0.351084
  1    1294       0.486941     0.416960
  1    1295       0.235925     0.389079
  1    1296       1.173449     0.474850
  1    1297       1.095200     0.464925
  1    1298       1.044873     0.459361
  1    1299      -0.046085     0.351410
  1    1300       0.140142     0.376291
  1    1301       2.154468     0.713657
  1    1302      -0.065917     0.348788
  1    1303       0.156121     0.378453
  1    1304      -0.380878     0.299011
  1    1305       0.453724     0.413905
  1    1306      -0.193493     0.330841
  1    1307       0.499527     0.418067
  1    1308       0.348315     0.402880
  1    1309       1.742510     0.597229
  1    1310       0.110156     0.372227
  1    1311      -0.386060     0.298184
  1    1312       1.122102     0.468157
  1    1313       1.501849     0.535006
  1    1314      -0.513159     0.286930
  1    1315      -0.530883     0.287210
  1    1316      -0.356584     0.303071
  1    1317       1.035970     0.458439
  1    1318      -0.472901     0.288114
  1    1319      -0.047252     0.351256
  1    1320      -0.448519     0.290030
  1    1321       0.856537     0.443189
  1    1322       0.778941     0.437934
  1    1323      -0.534211     0.287315
  1    1324      -0.276266     0.317249
  1    1325       0.656855     0.429983
  1    1326       0.769168     0.437298
  1    1327       1.942712     0.655239
  1    1328      -0.770121     0.312055
  1    1329      -1.657035     0.326644
  1    1330       1.990082     0.668901
  1    1331       0.606951     0.426526
  1    1332      -0.986824     0.323059
  1    1333      -0.808509     0.315258
  1    1334      -0.239959     0.323427
  1    1335       0.880712     0.444941
  1    1336      -0.039779     0.352241
  1    1337      -0.743064     0.309372
  1    1338       0.530429     0.420674
  1    1339      -0.233507     0.324491
  1    1340      -0.447056     0.290172
  1    1341      -0.528234     0.287138
  1    1342      -0.979513     0.322873
  1    1343       0.908957     0.447085
  1    1344       0.671242     0.430943
  1    1345       0.126034     0.374378
  1    1346       0.207025     0.385281
  1    1347      -0.072327     0.347937
  1    1348      -0.619031     0.294358
  1    1349       0.261420     0.392361
  1    1350       0.315969     0.399100
  1    1351       0.031563     0.361665
  1    1352       0.526968     0.420390
  1    1353      -0.293582     0.314209
  1    1354       1.332515     0.500174
  1    1355      -1.003825     0.323471
  1    1356       1.305755     0.495416
  1    1357       0.868934     0.444078
  1    1358       1.381603     0.509434
  1    1359       0.514839     0.419378
  1    1360      -0.988151     0.323092
  1    1361      -1.208972     0.325586
  1    1362       1.833471     0.623367
  1    1363       0.059615     0.365411
  1    1364       2.279213     0.743057
  1    1365      -0.261076     0.319870
  1    1366      -0.474655     0.288010
  1    1367      -0.051786     0.350658
  1    1368      -1.614749     0.324044
  1    1369      -1.353969     0.321973
  1    1370       1.178945     0.475608
  1    1371       0.691790     0.432295
  1    1372       0.040365     0.362837
  1    1373       0.808976     0.439916
  1    1374      -0.018926     0.354988
  1    1375       0.046046     0.363595
  1    1376      -1.465271     0.319562
  1    1377      -0.056407     0.350047
  1    1378       0.251739     0.391124
  1    1379      -1.191555     0.325721
  1    1380       0.294865     0.396544
  1    1381      -0.773533     0.312368
  1    1382      -0.198443     0.330078
  1    1383      -0.829678     0.316729
  1    1384       0.204777     0.384983
  1    1385       0.148758     0.377457
  1    1386       0.713930     0.433732
  1    1387      -0.003094     0.357075
  1    1388       3.355673     0.677529
  1    1389      -0.515619     0.286940
  1    1390      -0.055594     0.350155
  1    1391      -0.690672     0.303315
  1    1392      -0.202516     0.329446
  1    1393      -0.390416     0.297501
  1    1394      -0.741520     0.309209
  1    1395       0.415054     0.410097
  1    1396      -0.160336     0.335790
  1    1397      -1.156771     0.325766
  1    1398      -0.262106     0.319694
  1    1399       2.312006     0.749921
  1    1400       0.012182     0.359093
  1    1401       0.369262     0.405232
  1    1402      -0.142094     0.338407
  1    1403      -0.604318     0.292681
  1    1404      -0.481778     0.287635
  1    1405      -0.570017     0.289389
  1    1406      -0.283439     0.315995
  1    1407       0.223360     0.387437
  1    1408       0.971095     0.452249
  1    1409      -1.325509     0.322901
  1    1410      -0.121219     0.341326
  1    1411       2.092699     0.697475
  1    1412       0.823743     0.440911
  1    1413      -1.302805     0.323612
  1    1414      -0.015272     0.355469
  1    1415      -0.690983     0.303353
  1    1416      -0.406945     0.295040
  1    1417       0.807886     0.439843
  1    1418       1.068162     0.461859
  1    1419      -0.026138     0.354038
  1    1420       0.271496     0.393637
  1    1421      -0.140909     0.338575
  1    1422      -0.356177     0.303141
  1    1423       0.653621     0.429766
  1    1424       0.830276     0.441357
  1    1425       0.083934     0.368682
  1    1426      -0.610372     0.293356
  1    1427      -0.464774     0.288657
  1    1428       0.447596     0.413320
  1    1429       0.051611     0.364339
  1    1430       0.820126     0.440666
  1    1431      -0.742029     0.309263
  1    1432      -0.578833     0.290133
  1    1433       1.580889     0.553970
  1    1434      -0.862926     0.318655
  1    1435       0.191790     0.383252
  1    1436       1.698533     0.584960
  1    1437       2.023129     0.678286
  1    1438       0.101839     0.371101
  1    1439      -0.859381     0.318470
  1    1440       0.164708     0.379613
  1    1441      -0.787909     0.313627
  1    1442      -0.411092     0.294458
  1    1443      -0.090689     0.345483
  1    1444      -0.363732     0.301850
  1    1445      -0.190780     0.331256
  1    1446       0.610073     0.426749
  1    1447      -0.699569     0.304408
  1    1448       0.107742     0.371900
  1    1449       1.273665     0.489978
  1    1450       0.260770     0.392278
  1    1451      -1.003895     0.323472
  1    1452      -0.748427     0.309931
  1    1453      -1.354407     0.321958
  1    1454       0.376193     0.405992
  1    1455      -1.128839     0.325606
  1    1456       0.338853     0.401792
  1    1457      -0.597885     0.291989
  1    1458       0.049661     0.364078
  1    1459       0.494904     0.417664
  1    1460       0.155157     0.378323
  1    1461      -0.081597     0.346701
  1    1462       0.904106     0.446708
  1    1463       0.073328     0.367253
  1    1464       0.783605     0.438239
  1    1465       0.273537     0.393894
  1    1466      -1.330320     0.322745
  1    1467      -0.140805     0.338590
  1    1468      -1.547631     0.320863
  1    1469       0.495505     0.417716
  1    1470      -0.035083     0.352860
  1    1471       0.067126     0.366419
  1    1472       1.108665     0.466520
  1    1473       0.274732     0.394044
  1    1474      -0.041383     0.352030
  1    1475       0.560209     0.423046
  1    1476       0.517411     0.419595
  1    1477       0.277161     0.394348
  1    1478      -0.368032     0.301125
  1    1479       0.765501     0.437060
  1    1480       0.007477     0.358471
  1    1481       0.196999     0.383947
  1    1482      -1.062905     0.324700
  1    1483      -0.148078     0.337556
  1    1484       0.042690     0.363147
  1    1485       0.281472     0.394887
  1    1486      -1.107262     0.325381
  1    1487      -0.468685     0.288384
  1    1488      -0.095109     0.344888
  1    1489       0.351001     0.403185
  1    1490      -0.442606     0.290619
  1    1491      -1.402045     0.320542
  1    1492      -0.184113     0.332268
  1    1493       1.071394     0.462216
  1    1494      -0.488618     0.287349
  1    1495      -0.528708     0.287150
  1    1496      -0.418408     0.293471
  1    1497       0.882375     0.445064
  1    1498      -0.459633     0.289051
  1    1499      -1.482078     0.319569
  1    1500       0.517949     0.419640
  1    1501       0.176600     0.381215
  1    1502      -0.530859     0.287209
  1    1503      -1.764955     0.333510
  1    1504       0.356811     0.403843
  1    1505      -0.925472     0.321279
  1    1506       1.342838     0.502065
  1    1507       0.350635     0.403144
  1    1508      -1.469814     0.319552
  1    1509       1.215269     0.480825
  1    1510       1.902182     0.643430
  1    1511      -0.527195     0.287112
  1    1512      -0.283481     0.315988
  1    1513      -1.314764     0.323243
  1    1514      -1.413592     0.320264
  1    1515      -0.272194     0.317956
  1    1516      -0.495882     0.287126
  1    1517       0.534417     0.420999
  1    1518       0.828970     0.441268
  1    1519       0.376384     0.406013
  1    1520      -0.104780     0.343578
  1    1521      -0.565384     0.289032
  1    1522      -0.010401     0.356111
  1    1523       0.904355     0.446727
  1    1524       0.082758     0.368523
  1    1525      -1.490612     0.319623
  1    1526      -1.562971     0.321447
  1    1527      -0.248182     0.322055
  1    1528      -0.444906     0.290385
  1    1529      -1.322435     0.323000
  1    1530       0.413306     0.409918
  1    1531      -0.246332     0.322365
  1    1532       1.282007     0.491363
  1    1533      -0.415994     0.293791
  1    1534       0.534723     0.421024
  1    1535       0.469457     0.415377
  1    1536      -1.238305     0.325185
  1    1537      -0.069216     0.348350
  1    1538       0.587590     0.425117
  1    1539      -0.142247     0.338386
  1    1540       0.814302     0.440273
  1    1541       1.055061     0.460438
  1    1542       0.491052     0.417325
  1    1543       0.648537     0.429422
  1    1544       1.087624     0.464048
  1    1545       2.403782     0.766927
  1    1546       1.596510     0.557907
  1    1547      -0.092152     0.345286
  1    1548       0.647276     0.429336
  1    1549       2.146865     0.711716
  1    1550       1.767593     0.604351
  1    1551       0.193050     0.383420
  1    1552       1.063210     0.461317
  1    1553       0.031024     0.361593
  1    1554       1.067989     0.461840
  1    1555       2.358594     0.758975
  1    1556       0.649184     0.429466
  1    1557      -0.297233     0.313563
  1    1558      -0.082809     0.346539
  1    1559      -0.314762     0.310445
  1    1560       0.437441     0.412335
  1    1561      -0.947237     0.321975
  1    1562       0.420814     0.410682
  1    1563      -0.328565     0.307987
  1    1564      -0.164918     0.335121
  1    1565       0.661562     0.430299
  1    1566      -0.349056     0.304376
  1    1567       1.575525     0.552632
  1    1568       1.848908     0.627865
  1    1569      -0.906622     0.320600
  1    1570      -0.038820     0.352368
  1    1571       0.917503     0.447756
  1    1572       2.711044     0.796118
  1    1573       1.049468     0.459844
  1    1574      -0.285871     0.315568
  1    1575       0.682940     0.431715
  1    1576       1.271688     0.489652
  1    1577      -1.042011     0.324301
  1    1578       0.490904     0.417312
  1    1579       0.953404     0.450709
  1    1580      -0.726141     0.307527
  1    1581      -1.676961     0.327937
  1    1582      -0.923042     0.321196
  1    1583      -0.973657     0.322720
  1    1584       2.781141     0.796000
  1    1585      -1.610889     0.323823
  1    1586      -0.458899     0.289111
  1    1587      -0.568427     0.289264
  1    1588       0.139816     0.376246
  1    1589      -0.672134     0.300986
  1    1590      -0.485917     0.287453
  1    1591      -1.377703     0.321225
  1    1592      -1.163357     0.325780
  1    1593       0.779250     0.437954
  1    1594       0.288912     0.395810
  1    1595       0.183210     0.382103
  1    1596      -0.744818     0.309557
  1    1597       1.482077     0.530523
  1    1598       0.121561     0.373772
  1    1599       1.096162     0.465037
  1    1600      -0.115822     0.342070
  1    1601       0.363057     0.404543
  1    1602       1.174427     0.474984
  1    1603      -1.133657     0.325645
  1    1604      -0.655014     0.298808
  1    1605      -0.581459     0.290370
  1    1606       0.205953     0.385139
  1    1607      -0.595890     0.291781
  1    1608       0.192348     0.383327
  1    1609       0.314496     0.398924
  1    1610       1.164996     0.473700
  1    1611      -0.714199     0.306156
  1    1612      -0.377220     0.299604
  1    1613       0.090758     0.369603
  1    1614       1.020392     0.456870
  1    1615      -0.394214     0.296917
  1    1616      -0.567646     0.289203
  1    1617       1.810100     0.616581
  1    1618       0.145437     0.377008
  1    1619       0.754640     0.436357
  1    1620      -0.235785     0.324116
  1    1621      -0.035574     0.352796
  1    1622      -0.653718     0.298643
  1    1623      -0.897716     0.320249
  1    1624       1.272756     0.489828
  1    1625       1.032600     0.458095
  1    1626      -0.072761     0.347879
  1    1627       0.297002     0.396805
  1    1628       1.318419     0.497642
  1    1629       0.447460     0.413307
  1    1630       1.760463     0.602318
  1    1631      -1.321417     0.323032
  1    1632      -0.581757     0.290397
  1    1633      -1.632122     0.325077
  1    1634      -0.601508     0.292375
  1    1635       0.043657     0.363276
  1    1636       0.288617     0.395774
  1    1637       0.053726     0.364622
  1    1638      -0.227742     0.325432
  1    1639      -0.908646     0.320676
  1    1640      -1.302269     0.323628
  1    1641      -0.503900     0.286976
  1    1642       0.628251     0.428029
  1    1643      -2.262974     0.360681
  1    1644      -0.781209     0.313053
  1    1645       0.733093     0.434968
  1    1646      -1.004992     0.323498
  1    1647      -0.190729     0.331264
  1    1648       2.392531     0.765026
  1    1649      -0.375323     0.299915
  1    1650      -0.289872     0.314864
  1    1651       1.275078     0.490211
  1    1652      -0.827561     0.316591
  1    1653      -0.176538     0.333405
  1    1654       0.571600     0.423919
  1    1655      -0.432511     0.291726
  1    1656      -1.448750     0.319676
  1    1657       1.312522     0.496600
  1    1658      -0.763047     0.311387
  1    1659      -1.391012     0.320837
  1    1660      -0.368246     0.301089
  1    1661      -0.012651     0.355815
  1    1662      -1.671390     0.327573
  1    1663      -1.112147     0.325439
  1    1664       0.492529     0.417455
  1    1665      -1.239213     0.325169
  1    1666      -0.598345     0.292038
  1    1667      -0.475807     0.287944
  1    1668      -0.216165     0.327296
  1    1669      -0.648661     0.298002
  1    1670      -0.810312     0.315391
  1    1671      -0.312195     0.310903
  1    1672      -1.280754     0.324241
  1    1673       1.211874     0.480322
  1    1674       1.647682     0.571201
  1    1675      -0.605075     0.292764
  1    1676      -0.086900     0.345991
  1    1677       0.023434     0.360584
  1    1678       1.266508     0.488805
  1    1679      -0.385701     0.298240
  1    1680      -0.260465     0.319974
  1    1681      -0.711083     0.305789
  1    1682       1.145732     0.471151
  1    1683      -1.107213     0.325380
  1    1684      -0.711280     0.305812
  1    1685      -0.847488     0.317816
  1    1686      -0.243821     0.322784
  1    1687      -0.610705     0.293394
  1    1688      -0.693119     0.303617
  1    1689      -1.102866     0.325325
  1    1690      -0.121929     0.341228
  1    1691      -1.181047     0.325766
  1    1692       0.016416     0.359654
  1    1693       0.523730     0.420122
  1    1694      -0.292087     0.314473
  1    1695       0.549853     0.422235
  1    1696      -0.623590     0.294899
  1    1697      -0.182684     0.332483
  1    1698      -0.120224     0.341464
  1    1699      -0.508934     0.286934
  1    1700       1.424543     0.518098
  1    1701      -0.302997     0.312540
  1    1702      -0.709302     0.305578
  1    1703       1.562131     0.549323
  1    1704       0.795213     0.439002
  1    1705      -0.390811     0.297440
  1    1706      -0.834180     0.317016
  1    1707      -0.710008     0.305662
  1    1708      -1.999207     0.345121
