flexMIRT(R) Engine Version 3.72 (64-bit)
Flexible Multilevel Multidimensional Item Response Modeling and Test Scoring
(C) 2013-2024 Vector Psychometric Group, LLC., Chapel Hill, NC, USA

Global Experience
1PL

Summary of the Data and Dimensions
  Missing data codes         9
     Number of Items        40
Number of Data Lines      1708
      Dimensionality         1
      Latent Density   EmpH-L1

Item  Categories       Model
   1           2         3PL
   2           2         3PL
   3           2         3PL
   4           2         3PL
   5           2         3PL
   6           2         3PL
   7           2         3PL
   8           2         3PL
   9           2         3PL
  10           2         3PL
  11           2         3PL
  12           2         3PL
  13           2         3PL
  14           2         3PL
  15           2         3PL
  16           2         3PL
  17           2         3PL
  18           2         3PL
  19           2         3PL
  20           2         3PL
  21           2         3PL
  22           2         3PL
  23           2         3PL
  24           2         3PL
  25           2         3PL
  26           2         3PL
  27           2         3PL
  28           2         3PL
  29           2         3PL
  30           2         3PL
  31           2         3PL
  32           2         3PL
  33           2         3PL
  34           2         3PL
  35           2         3PL
  36           2         3PL
  37           2         3PL
  38           2         3PL
  39           2         3PL
  40           2         3PL

Scoring Control Values
Response pattern EAPs are computed

Miscellaneous Control Values 

Output Files
Text results and control parameters: 2PL AMEX-ssc.txt
Scaled scores in a file: 2PL AMEX-sco.txt

Global Experience
1PL

3PL Items for Group 1: Group1
    Item         a         c         b   logit-g         g
       1      1.20      1.62     -1.34   -999.00      0.00
       2      0.23     -0.03      0.11   -999.00      0.00
       3      0.59     -0.53      0.90   -999.00      0.00
       4      0.61     -0.39      0.64   -999.00      0.00
       5      1.06      2.73     -2.57   -999.00      0.00
       6      0.92      1.88     -2.04   -999.00      0.00
       7      2.06      3.37     -1.64   -999.00      0.00
       8      0.93      0.45     -0.49   -999.00      0.00
       9      0.50     -0.50      1.00   -999.00      0.00
      10      0.83     -0.15      0.18   -999.00      0.00
      11      0.61     -0.01      0.01   -999.00      0.00
      12      1.14     -0.38      0.33   -999.00      0.00
      13      1.15      0.96     -0.84   -999.00      0.00
      14      0.73      0.58     -0.80   -999.00      0.00
      15      0.99      1.19     -1.21   -999.00      0.00
      16      1.02      0.61     -0.60   -999.00      0.00
      17      0.31     -0.26      0.83   -999.00      0.00
      18      1.22      0.93     -0.77   -999.00      0.00
      19      1.92      1.79     -0.93   -999.00      0.00
      20      1.71      0.37     -0.22   -999.00      0.00
      21      1.46      1.58     -1.08   -999.00      0.00
      22      1.71      1.46     -0.85   -999.00      0.00
      23      1.02      0.34     -0.34   -999.00      0.00
      24      1.52      2.60     -1.71   -999.00      0.00
      25      1.05      0.34     -0.32   -999.00      0.00
      26      1.15      0.55     -0.48   -999.00      0.00
      27      1.22      1.11     -0.91   -999.00      0.00
      28      1.17      2.21     -1.88   -999.00      0.00
      29      0.62      0.98     -1.56   -999.00      0.00
      30      0.80      0.49     -0.61   -999.00      0.00
      31      1.06     -0.40      0.38   -999.00      0.00
      32      0.34      0.21     -0.61   -999.00      0.00
      33      0.89     -0.20      0.22   -999.00      0.00
      34      0.22     -1.50      6.78   -999.00      0.00
      35      0.26     -1.00      3.89   -999.00      0.00
      36      0.58     -0.41      0.71   -999.00      0.00
      37      0.90     -0.40      0.45   -999.00      0.00
      38      0.70     -0.88      1.26   -999.00      0.00
      39      0.54      0.55     -1.02   -999.00      0.00
      40      0.69      0.11     -0.16   -999.00      0.00

Empirical Histogram for Group   1: Group1

Quadrature Point            Ordinate
  -4.000       5.2751865e-07
  -3.500       2.1244691e-05
  -3.000       3.8201345e-04
  -2.500       3.5804647e-03
  -2.000       1.7909583e-02
  -1.500       5.7712734e-02
  -1.000       1.2289034e-01
  -0.500       2.5206327e-01
   0.000       2.0131375e-01
   0.500       1.3453206e-01
   1.000       1.0094221e-01
   1.500       5.7174311e-02
   2.000       2.6774988e-02
   2.500       1.2179221e-02
   3.000       5.8910195e-03
   3.500       3.4317173e-03
   4.000       3.2005365e-03

Global Experience
1PL

Group Parameter Estimates:
   Group               Label        mu        s2        sd
       1              Group1      0.00      1.00      1.00

Global Experience
1PL

Item Information Function Values at 15 Values of theta from -2.80 to 2.80 for Group 1: Group1
                      Theta:
  Item               Label    -2.8    -2.4    -2.0    -1.6    -1.2    -0.8    -0.4    -0.0     0.4     0.8     1.2     1.6     2.0     2.4     2.8
     1                  I1    0.18    0.25    0.31    0.35    0.36    0.33    0.27    0.20    0.14    0.09    0.06    0.04    0.02    0.02    0.01
     2                  I2    0.01    0.01    0.01    0.01    0.01    0.01    0.01    0.01    0.01    0.01    0.01    0.01    0.01    0.01    0.01
     3                  I3    0.03    0.04    0.04    0.05    0.06    0.07    0.07    0.08    0.08    0.09    0.09    0.08    0.08    0.07    0.06
     4                  I4    0.04    0.04    0.05    0.06    0.07    0.08    0.08    0.09    0.09    0.09    0.09    0.09    0.08    0.07    0.06
     5                  I5    0.28    0.28    0.26    0.22    0.17    0.13    0.09    0.06    0.04    0.03    0.02    0.01    0.01    0.01    0.00
     6                  I6    0.19    0.21    0.21    0.21    0.18    0.16    0.13    0.10    0.07    0.05    0.04    0.03    0.02    0.01    0.01
     7                  I7    0.33    0.61    0.92    1.06    0.87    0.54    0.28    0.14    0.06    0.03    0.01    0.01    0.00    0.00    0.00
     8                  I8    0.08    0.11    0.14    0.17    0.19    0.21    0.21    0.20    0.18    0.15    0.12    0.09    0.07    0.05    0.04
     9                  I9    0.03    0.03    0.04    0.04    0.05    0.05    0.06    0.06    0.06    0.06    0.06    0.06    0.06    0.06    0.05
    10                 I10    0.05    0.06    0.08    0.10    0.13    0.15    0.16    0.17    0.17    0.16    0.14    0.12    0.10    0.08    0.06
    11                 I11    0.05    0.06    0.06    0.07    0.08    0.09    0.09    0.09    0.09    0.09    0.08    0.07    0.06    0.06    0.05
    12                 I12    0.03    0.05    0.08    0.12    0.16    0.22    0.27    0.31    0.32    0.30    0.26    0.20    0.15    0.10    0.07
    13                 I13    0.11    0.16    0.22    0.27    0.32    0.33    0.31    0.26    0.21    0.15    0.11    0.07    0.05    0.03    0.02
    14                 I14    0.08    0.10    0.11    0.12    0.13    0.13    0.13    0.12    0.11    0.10    0.08    0.07    0.05    0.04    0.03
    15                 I15    0.14    0.18    0.21    0.23    0.24    0.23    0.21    0.17    0.14    0.10    0.08    0.05    0.04    0.03    0.02
    16                 I16    0.09    0.12    0.16    0.20    0.24    0.26    0.26    0.24    0.20    0.16    0.12    0.09    0.06    0.04    0.03
    17                 I17    0.02    0.02    0.02    0.02    0.02    0.02    0.02    0.02    0.02    0.02    0.02    0.02    0.02    0.02    0.02
    18                 I18    0.11    0.16    0.22    0.29    0.35    0.37    0.35    0.30    0.23    0.17    0.11    0.07    0.05    0.03    0.02
    19                 I19    0.10    0.20    0.37    0.63    0.86    0.90    0.71    0.45    0.25    0.12    0.06    0.03    0.01    0.01    0.00
    20                 I20    0.03    0.07    0.13    0.23    0.39    0.58    0.72    0.71    0.56    0.37    0.22    0.12    0.06    0.03    0.02
    21                 I21    0.15    0.24    0.35    0.46    0.53    0.51    0.42    0.30    0.20    0.12    0.07    0.04    0.02    0.01    0.01
    22                 I22    0.10    0.18    0.32    0.50    0.67    0.73    0.63    0.45    0.28    0.15    0.08    0.04    0.02    0.01    0.01
    23                 I23    0.07    0.10    0.14    0.18    0.22    0.25    0.26    0.25    0.23    0.19    0.15    0.11    0.08    0.06    0.04
    24                 I24    0.31    0.44    0.55    0.57    0.50    0.37    0.24    0.15    0.09    0.05    0.03    0.01    0.01    0.00    0.00
    25                 I25    0.07    0.10    0.14    0.18    0.22    0.26    0.28    0.27    0.24    0.20    0.15    0.11    0.08    0.06    0.04
    26                 I26    0.08    0.12    0.17    0.22    0.28    0.32    0.33    0.30    0.26    0.20    0.15    0.10    0.07    0.05    0.03
    27                 I27    0.12    0.18    0.25    0.31    0.36    0.37    0.34    0.28    0.21    0.15    0.10    0.06    0.04    0.03    0.02
    28                 I28    0.26    0.31    0.34    0.34    0.29    0.24    0.18    0.12    0.08    0.05    0.04    0.02    0.01    0.01    0.01
    29                 I29    0.08    0.09    0.10    0.10    0.10    0.09    0.09    0.08    0.07    0.06    0.05    0.04    0.03    0.03    0.02
    30                 I30    0.08    0.10    0.12    0.14    0.15    0.16    0.16    0.15    0.14    0.12    0.10    0.08    0.06    0.05    0.04
    31                 I31    0.04    0.05    0.08    0.11    0.15    0.20    0.24    0.27    0.28    0.27    0.23    0.19    0.15    0.11    0.07
    32                 I32    0.03    0.03    0.03    0.03    0.03    0.03    0.03    0.03    0.03    0.03    0.03    0.03    0.02    0.02    0.02
    33                 I33    0.05    0.06    0.08    0.11    0.14    0.16    0.18    0.20    0.20    0.19    0.16    0.14    0.11    0.09    0.07
    34                 I34    0.00    0.01    0.01    0.01    0.01    0.01    0.01    0.01    0.01    0.01    0.01    0.01    0.01    0.01    0.01
    35                 I35    0.01    0.01    0.01    0.01    0.01    0.01    0.01    0.01    0.01    0.01    0.01    0.02    0.02    0.02    0.02
    36                 I36    0.03    0.04    0.05    0.05    0.06    0.07    0.07    0.08    0.08    0.08    0.08    0.08    0.07    0.07    0.06
    37                 I37    0.04    0.05    0.07    0.10    0.12    0.15    0.17    0.19    0.20    0.20    0.18    0.16    0.13    0.10    0.08
    38                 I38    0.03    0.03    0.04    0.05    0.06    0.08    0.09    0.10    0.11    0.12    0.12    0.12    0.11    0.10    0.09
    39                 I39    0.06    0.06    0.07    0.07    0.07    0.07    0.07    0.07    0.06    0.06    0.05    0.05    0.04    0.03    0.03
    40                 I40    0.06    0.07    0.08    0.09    0.11    0.11    0.12    0.12    0.12    0.11    0.10    0.08    0.07    0.06    0.05

         Test Information:    4.64    6.03    7.63    9.09    9.96   10.03    9.37    8.23    6.94    5.72    4.68    3.84    3.19    2.68    2.29
            Expected s.e.:    0.46    0.41    0.36    0.33    0.32    0.32    0.33    0.35    0.38    0.42    0.46    0.51    0.56    0.61    0.66
Marginal reliability for response pattern scores: 0.85

Sat Oct 19 12:48:16 2024

Product: flexMIRT® - Trial
Master key: fa4e1867-****-****-****-22e140f39a77
Installation key: 538dfff2-****-****-****-5c01544dc325
Valid until: 12/21/2024 7:00:00 PM