  1       1      -0.625300     0.351047
  1       2      -0.357748     0.325331
  1       3      -0.408689     0.318071
  1       4      -0.401041     0.329167
  1       5      -0.310620     0.318957
  1       6      -0.497187     0.319913
  1       7       1.527805     0.466753
  1       8      -0.724017     0.348667
  1       9      -0.799049     0.434608
  1      10       0.985599     0.358757
  1      11       0.044295     0.324373
  1      12       0.308216     0.355618
  1      13      -1.372537     0.523562
  1      14       0.520928     0.359182
  1      15       1.013420     0.360270
  1      16      -0.546834     0.333709
  1      17       0.042272     0.326400
  1      18      -0.161152     0.315907
  1      19      -0.028241     0.326423
  1      20      -0.599601     0.341575
  1      21       0.923521     0.343131
  1      22       0.283871     0.370067
  1      23       0.034140     0.320984
  1      24       0.396658     0.374197
  1      25       1.149596     0.361516
  1      26      -0.445435     0.314939
  1      27       0.281289     0.356090
  1      28      -0.429561     0.314046
  1      29      -1.347843     0.460459
  1      30       0.497617     0.361540
  1      31      -0.139529     0.330256
  1      32      -0.112379     0.304043
  1      33       0.060368     0.314855
  1      34      -0.690025     0.355707
  1      35       0.194662     0.352626
  1      36      -1.160985     0.407628
  1      37       0.305859     0.346254
  1      38       1.190998     0.381595
  1      39      -0.257190     0.354059
  1      40      -0.657669     0.353423
  1      41       1.068759     0.351372
  1      42      -0.331913     0.310146
  1      43      -0.980879     0.429827
  1      44      -0.685163     0.352235
  1      45       0.118053     0.334145
  1      46       0.257950     0.350049
  1      47       0.364433     0.354615
  1      48      -2.151670     0.615612
  1      49      -0.775093     0.366742
  1      50       0.661168     0.354466
  1      51      -0.357408     0.318715
  1      52       0.544388     0.381682
  1      53       1.119762     0.352489
  1      54       0.871009     0.350503
  1      55      -0.434726     0.349038
  1      56       0.061142     0.333380
  1      57       0.790666     0.354242
  1      58       0.543862     0.372185
  1      59      -0.769918     0.382330
  1      60       0.530253     0.356244
  1      61      -0.318717     0.307000
  1      62      -0.986736     0.407743
  1      63       0.008522     0.316252
  1      64      -0.305018     0.323612
  1      65      -0.557688     0.343882
  1      66      -1.175282     0.414070
  1      67      -2.132377     0.812091
  1      68      -0.116785     0.321365
  1      69      -0.591180     0.332394
  1      70       0.121799     0.316563
  1      71      -0.886198     0.391457
  1      72       0.204611     0.339435
  1      73       0.120439     0.338580
  1      74       1.186830     0.370744
  1      75       0.081514     0.309015
  1      76      -0.558133     0.330075
  1      77      -0.997093     0.432479
  1      78      -0.099633     0.311000
  1      79      -0.481762     0.331562
  1      80       0.822017     0.359856
  1      81       0.980026     0.355644
  1      82      -0.152518     0.302402
  1      83      -0.101589     0.299633
  1      84       0.201603     0.349246
  1      85       0.356588     0.371205
  1      86      -0.345779     0.324387
  1      87       0.720655     0.373906
  1      88       0.431726     0.376564
  1      89      -0.683811     0.391344
  1      90       0.050903     0.329106
  1      91      -0.095263     0.311620
  1      92       0.516846     0.377692
  1      93       0.614591     0.366284
  1      94      -0.199453     0.327700
  1      95       1.499267     0.437217
  1      96      -0.626927     0.342538
  1      97      -0.174220     0.320304
  1      98      -0.103778     0.317537
  1      99      -0.116639     0.308039
  1     100       0.192520     0.346246
  1     101       0.030898     0.314300
  1     102      -0.254305     0.307770
  1     103      -1.453392     0.491326
  1     104       0.177835     0.334231
  1     105      -0.676909     0.340527
  1     106       0.343507     0.355445
  1     107      -0.715201     0.351977
  1     108      -0.307711     0.314692
  1     109      -0.105220     0.329606
  1     110      -0.976895     0.420877
  1     111      -1.593830     0.491714
  1     112      -0.654546     0.350526
  1     113      -1.011696     0.440872
  1     114       0.550419     0.362960
  1     115      -0.483040     0.314848
  1     116       0.574013     0.376363
  1     117      -0.498195     0.324118
  1     118      -0.705293     0.396824
  1     119      -0.738791     0.384971
  1     120       0.266638     0.349557
  1     121       0.680168     0.370228
  1     122       0.917634     0.359089
  1     123       0.628553     0.357436
  1     124       0.817573     0.366209
  1     125      -0.143209     0.310680
  1     126       0.818513     0.348368
  1     127       0.655252     0.361550
  1     128      -0.270263     0.330947
  1     129      -0.380504     0.332257
  1     130      -1.403765     0.452761
  1     131      -0.479050     0.333420
  1     132       0.986523     0.344581
  1     133       1.129074     0.380637
  1     134       1.346573     0.415700
  1     135       0.434975     0.371891
  1     136      -0.269307     0.319235
  1     137      -0.315076     0.342766
  1     138       0.619592     0.368599
  1     139      -1.355675     0.532379
  1     140      -1.480563     0.428139
  1     141       0.133490     0.319915
  1     142      -1.812411     0.603314
  1     143      -0.074429     0.302406
  1     144      -1.334648     0.532041
  1     145       0.057329     0.307677
  1     146      -0.821817     0.404041
  1     147      -0.796617     0.413356
  1     148       0.450045     0.360324
  1     149       0.023147     0.318957
  1     150      -0.039992     0.314545
  1     151      -0.073782     0.313333
  1     152      -0.774834     0.392174
  1     153      -0.672648     0.378232
  1     154       0.223463     0.340996
  1     155       0.563387     0.362670
  1     156       1.078583     0.350128
  1     157       0.435293     0.365821
  1     158       0.650293     0.355389
  1     159       0.007500     0.333563
  1     160       1.003500     0.370031
  1     161      -0.146214     0.299727
  1     162       0.511091     0.365967
  1     163      -0.426546     0.305045
  1     164      -0.353469     0.329380
  1     165      -1.720447     0.546808
  1     166      -1.449379     0.468929
  1     167       0.196803     0.340729
  1     168      -1.181892     0.441544
  1     169       0.097123     0.363179
  1     170      -0.228767     0.320988
  1     171      -0.421860     0.318971
  1     172      -0.167711     0.329577
  1     173      -0.134373     0.309922
  1     174       0.683612     0.373947
  1     175       1.319459     0.399848
  1     176      -2.326157     0.704645
  1     177      -0.390918     0.325431
  1     178       1.159932     0.373934
  1     179       0.156455     0.336666
  1     180      -0.399249     0.311204
  1     181       0.045249     0.318233
  1     182      -0.014213     0.304891
  1     183      -0.480012     0.331481
  1     184       0.817243     0.356329
  1     185      -0.596747     0.340276
  1     186      -1.537359     0.508768
  1     187      -0.395655     0.310902
  1     188       1.106465     0.368165
  1     189       0.117012     0.326210
  1     190      -0.544690     0.363777
  1     191       1.486798     0.428381
  1     192       0.319998     0.359393
  1     193      -0.181937     0.309283
  1     194      -1.218252     0.454052
  1     195       1.679749     0.469040
  1     196       0.481128     0.360276
  1     197      -0.069737     0.305926
  1     198      -1.700548     0.533755
  1     199      -1.922100     0.619408
  1     200      -1.594719     0.580115
  1     201       0.214920     0.333500
  1     202      -0.374491     0.307954
  1     203      -2.841368     0.770330
  1     204      -1.361058     0.427982
  1     205       1.718014     0.475757
  1     206      -0.026738     0.317867
  1     207      -0.432565     0.312192
  1     208       1.315997     0.400857
  1     209      -0.074809     0.323331
  1     210       0.762596     0.366248
  1     211       0.373175     0.370677
  1     212      -0.699378     0.371921
  1     213      -0.395473     0.338704
  1     214      -0.279457     0.310575
  1     215      -0.276304     0.332649
  1     216       0.166744     0.336762
  1     217       0.824766     0.361833
  1     218       0.428699     0.363180
  1     219       1.430920     0.425581
  1     220       1.248325     0.380258
  1     221      -0.173143     0.335253
  1     222       0.414148     0.362093
  1     223      -0.413888     0.309738
  1     224       0.270153     0.351670
  1     225       0.287419     0.347349
  1     226      -0.270936     0.317734
  1     227      -2.166857     0.725714
  1     228      -0.401652     0.346479
  1     229      -0.048043     0.338662
  1     230       1.008119     0.346631
  1     231      -0.811145     0.421157
  1     232       1.192846     0.378661
  1     233       0.767178     0.351750
  1     234      -0.325781     0.324877
  1     235      -0.308519     0.327768
  1     236       0.949449     0.340482
  1     237       0.341641     0.350691
  1     238      -0.100597     0.328462
  1     239       0.496610     0.362692
  1     240      -0.922798     0.401117
  1     241      -0.435095     0.320750
  1     242      -0.968052     0.410677
  1     243       0.355678     0.350992
  1     244       0.786757     0.352682
  1     245       0.892339     0.355327
  1     246      -0.180421     0.318403
  1     247      -0.740286     0.362071
  1     248       1.026477     0.361439
  1     249      -0.531151     0.313059
  1     250      -0.556585     0.323377
  1     251       0.843165     0.378488
  1     252      -0.213611     0.309080
  1     253      -0.680077     0.387622
  1     254       0.217765     0.334284
  1     255       1.888628     0.501777
  1     256      -0.746361     0.416413
  1     257       1.537068     0.467353
  1     258       1.290316     0.405640
  1     259      -0.165564     0.311416
  1     260       0.006652     0.324164
  1     261       0.155254     0.361031
  1     262       0.445612     0.367603
  1     263       1.609058     0.446285
  1     264       0.507216     0.372819
  1     265       0.241245     0.342711
  1     266       0.046193     0.344304
  1     267       1.249568     0.387523
  1     268      -0.209646     0.303847
  1     269      -0.359138     0.313966
  1     270       0.168736     0.348726
  1     271      -0.788560     0.393260
  1     272      -0.133032     0.325767
  1     273      -0.359426     0.313888
  1     274      -0.252337     0.321480
  1     275       0.105294     0.315819
  1     276      -1.177498     0.495054
  1     277      -0.497016     0.322638
  1     278       0.562056     0.380956
  1     279      -0.334290     0.307451
  1     280      -0.851133     0.381624
  1     281       0.999751     0.342319
  1     282      -1.404648     0.507155
  1     283       1.850091     0.496024
  1     284      -1.091175     0.441242
  1     285       0.941756     0.345631
  1     286       0.804997     0.352591
  1     287      -1.543351     0.522284
  1     288      -0.540445     0.350886
  1     289       0.141424     0.359861
  1     290       1.166347     0.392285
  1     291      -1.271309     0.397669
  1     292       0.441555     0.361826
  1     293      -0.479138     0.334106
  1     294      -1.242721     0.470398
  1     295      -0.978458     0.421033
  1     296       0.855346     0.373706
  1     297       0.448999     0.367756
  1     298      -0.437344     0.323411
  1     299       0.320092     0.373968
  1     300      -1.514502     0.486446
  1     301      -2.175806     0.703338
  1     302      -0.073827     0.325130
  1     303      -0.174206     0.324583
  1     304       0.821042     0.364959
  1     305       1.188555     0.375833
  1     306      -0.043338     0.300615
  1     307      -0.630895     0.386255
  1     308      -0.177053     0.312895
  1     309      -0.256822     0.308636
  1     310       0.440174     0.363435
  1     311       1.686870     0.474994
  1     312      -0.208210     0.316077
  1     313      -0.051166     0.325748
  1     314       0.739760     0.378130
  1     315       0.706570     0.368978
  1     316       0.920383     0.342311
  1     317       0.288479     0.358906
  1     318       1.009893     0.344977
  1     319       0.005299     0.303358
  1     320      -0.991016     0.417348
  1     321      -0.143012     0.305771
  1     322       0.042844     0.333577
  1     323      -0.802560     0.405389
  1     324       0.035648     0.316311
  1     325      -0.292642     0.318807
  1     326      -0.163125     0.305075
  1     327      -0.827928     0.424793
  1     328      -0.930402     0.402899
  1     329       1.707086     0.502336
  1     330      -0.983260     0.391569
  1     331       0.479630     0.373392
  1     332       0.983106     0.350096
  1     333      -0.173412     0.328213
  1     334       0.067111     0.312154
  1     335      -0.261660     0.324392
  1     336       3.118156     0.699925
  1     337       0.722444     0.367709
  1     338      -1.516037     0.482781
  1     339      -0.310063     0.334464
  1     340      -0.009811     0.309684
  1     341      -0.103384     0.335541
  1     342      -0.891114     0.435979
  1     343      -0.504218     0.316327
  1     344      -0.597311     0.357324
  1     345      -1.134153     0.452454
  1     346       1.055594     0.359118
  1     347       0.013611     0.305318
  1     348      -0.191075     0.317023
  1     349      -0.069909     0.318441
  1     350      -0.208037     0.312129
  1     351       1.237733     0.374849
  1     352       2.410674     0.619556
  1     353      -0.457968     0.311020
  1     354      -0.956674     0.403482
  1     355       1.016414     0.348088
  1     356       2.085636     0.545208
  1     357      -0.482469     0.348892
  1     358      -0.176275     0.332865
  1     359       1.011132     0.360713
  1     360      -0.117982     0.305320
  1     361      -1.234615     0.470073
  1     362       1.750310     0.478001
  1     363      -0.194417     0.315593
  1     364       0.136878     0.334037
  1     365       1.044801     0.349167
  1     366      -0.017476     0.319960
  1     367      -0.253984     0.320188
  1     368      -0.851684     0.390745
  1     369       0.040482     0.310439
  1     370       0.599243     0.362305
  1     371      -0.360418     0.322645
  1     372      -0.522528     0.324224
  1     373       0.762481     0.368703
  1     374       0.261127     0.350197
  1     375       0.754139     0.355560
  1     376       1.137378     0.363397
  1     377      -0.732386     0.365136
  1     378      -1.068754     0.431306
  1     379      -0.275097     0.316070
  1     380       1.538948     0.471310
  1     381      -0.354849     0.322087
  1     382       1.061164     0.357052
  1     383      -0.574122     0.355090
  1     384       1.205529     0.367446
  1     385       0.020007     0.330477
  1     386       0.590877     0.362516
  1     387      -0.927403     0.412530
  1     388       1.122282     0.366065
  1     389       1.215381     0.371261
  1     390       0.495455     0.370603
  1     391      -0.226189     0.367488
  1     392       0.275877     0.340736
  1     393      -0.724640     0.385136
  1     394      -0.377731     0.343711
  1     395       0.796513     0.345650
  1     396      -0.307365     0.318820
  1     397      -0.324754     0.331243
  1     398       0.989557     0.347563
  1     399      -0.776392     0.384161
  1     400      -0.280742     0.316883
  1     401       0.991283     0.340515
  1     402      -2.210283     0.677981
  1     403       0.085734     0.330178
  1     404       0.573415     0.376059
  1     405      -0.938940     0.390849
  1     406       0.040081     0.318495
  1     407      -0.009446     0.320663
  1     408      -0.523385     0.329083
  1     409       2.014725     0.527893
  1     410      -0.811269     0.384298
  1     411       1.287421     0.396869
  1     412       0.528646     0.376145
  1     413       1.058708     0.357217
  1     414      -0.749798     0.388835
  1     415      -0.766095     0.374395
  1     416      -0.186487     0.310230
  1     417       0.067933     0.343972
  1     418      -2.838149     0.734019
  1     419      -0.312663     0.318570
  1     420      -0.401222     0.345724
  1     421      -0.349549     0.312080
  1     422       0.528480     0.379389
  1     423      -0.294519     0.346123
  1     424       1.648816     0.458261
  1     425       0.093043     0.331155
  1     426       0.448159     0.369086
  1     427       0.094764     0.330946
  1     428       1.093388     0.360983
  1     429      -0.531040     0.324287
  1     430       1.154479     0.388558
  1     431       0.694309     0.375921
  1     432       1.131490     0.373443
  1     433      -0.230078     0.328845
  1     434       2.760849     0.676098
  1     435       1.150952     0.359947
  1     436      -0.102817     0.322252
  1     437      -0.298414     0.320518
  1     438       0.655584     0.368102
  1     439       1.816214     0.490743
  1     440      -0.158021     0.316991
  1     441      -0.145117     0.306949
  1     442       0.645694     0.379737
  1     443       0.165053     0.326328
  1     444       0.197267     0.354583
  1     445       0.246333     0.364188
  1     446      -0.082682     0.310170
  1     447       0.483885     0.379263
  1     448      -0.428788     0.318732
  1     449       0.054167     0.334644
  1     450       0.882103     0.359405
  1     451      -1.125357     0.456037
  1     452      -0.511394     0.337695
  1     453       0.609263     0.373892
  1     454       0.259195     0.350452
  1     455       0.004081     0.314923
  1     456      -0.860646     0.406037
  1     457      -1.999565     0.711308
  1     458      -0.895258     0.402738
  1     459       0.226842     0.356267
  1     460       1.138616     0.362355
  1     461       1.350736     0.427014
  1     462      -0.257325     0.331483
  1     463      -1.200564     0.413415
  1     464       0.414216     0.354231
  1     465      -1.616726     0.472036
  1     466       0.568042     0.369794
  1     467       0.852181     0.346094
  1     468      -0.546822     0.332914
  1     469       1.269665     0.393849
  1     470      -0.679603     0.337500
  1     471      -2.380323     0.752953
  1     472       1.313238     0.407144
  1     473      -0.365637     0.351886
  1     474      -1.646317     0.487482
  1     475       0.539850     0.359685
  1     476       0.792928     0.368120
  1     477      -1.037255     0.411045
  1     478       1.256155     0.383155
  1     479       0.135382     0.334140
  1     480      -0.593368     0.341365
  1     481      -0.075565     0.318800
  1     482       2.153159     0.558547
  1     483       0.173473     0.349761
  1     484       0.293585     0.358800
  1     485       1.030798     0.358971
  1     486      -1.720200     0.571353
  1     487      -0.970525     0.388041
  1     488       1.030668     0.377796
  1     489       0.901999     0.340341
  1     490       0.449408     0.384327
  1     491       2.003869     0.523452
  1     492      -0.331145     0.319180
  1     493      -0.138408     0.315842
  1     494      -0.248220     0.313202
  1     495      -1.001546     0.470459
  1     496      -0.200313     0.309444
  1     497       0.810792     0.364065
  1     498       0.155900     0.331140
  1     499       1.667265     0.467494
  1     500       1.077806     0.357151
  1     501       0.236539     0.345078
  1     502       0.974173     0.355162
  1     503       0.900547     0.341013
  1     504      -0.260498     0.311964
  1     505       0.655608     0.374955
  1     506      -0.759598     0.409568
  1     507       0.837804     0.349053
  1     508      -0.255241     0.331301
  1     509       0.168871     0.344405
  1     510       0.083884     0.327037
  1     511      -0.069661     0.310972
  1     512      -0.172958     0.327530
  1     513      -1.316306     0.499031
  1     514      -0.133943     0.323810
  1     515      -1.230322     0.459578
  1     516       0.428212     0.363022
  1     517      -0.628162     0.341985
  1     518       0.108906     0.345659
  1     519      -0.083316     0.314365
  1     520      -0.049668     0.306167
  1     521      -0.291374     0.328267
  1     522       1.502639     0.434492
  1     523       1.059356     0.355721
  1     524      -0.218007     0.315724
  1     525      -0.560722     0.331019
  1     526      -1.512784     0.442033
  1     527      -0.127611     0.330209
  1     528       0.205692     0.345783
  1     529       0.943853     0.339268
  1     530       0.848315     0.357395
  1     531       1.450507     0.438691
  1     532       0.006845     0.326818
  1     533       0.954633     0.358304
  1     534      -0.246518     0.323861
  1     535      -0.280917     0.334136
  1     536      -0.014704     0.307040
  1     537      -0.462151     0.318737
  1     538       1.473862     0.451695
  1     539      -0.507375     0.335791
  1     540      -0.483889     0.323890
  1     541       0.043251     0.312128
  1     542      -0.736316     0.356674
  1     543       0.651803     0.356627
  1     544       0.681784     0.360931
  1     545      -0.057495     0.315816
  1     546      -0.106946     0.308554
  1     547      -1.415941     0.439352
  1     548      -0.505566     0.321542
  1     549      -0.093148     0.326867
  1     550      -0.573793     0.326959
  1     551      -0.366530     0.326244
  1     552      -0.756603     0.368012
  1     553       0.502603     0.371832
  1     554      -0.559280     0.337786
  1     555       0.754515     0.355311
  1     556       2.065040     0.583453
  1     557       0.293804     0.361508
  1     558      -0.637024     0.341542
  1     559       0.002752     0.355439
  1     560       0.617231     0.362185
  1     561       0.939670     0.360405
  1     562       0.630253     0.362737
  1     563       0.792976     0.342748
  1     564       0.931132     0.346084
  1     565       1.304802     0.390551
  1     566       0.437219     0.364390
  1     567      -1.125124     0.482615
  1     568       0.856520     0.356840
  1     569       0.499161     0.372220
  1     570       0.103009     0.323228
  1     571       0.912407     0.339678
  1     572       0.169096     0.340273
  1     573      -0.980045     0.413597
  1     574       0.277607     0.371300
  1     575      -1.264605     0.450721
  1     576       0.689446     0.367359
  1     577      -2.028743     0.647865
  1     578      -0.729833     0.348959
  1     579      -0.387979     0.328062
  1     580       0.369183     0.358282
  1     581       0.062176     0.335874
  1     582       0.866061     0.345020
  1     583      -0.959995     0.409067
  1     584      -1.025505     0.432008
  1     585      -0.145015     0.325269
  1     586       0.801713     0.349162
  1     587       0.917242     0.346844
  1     588       0.060386     0.311344
  1     589      -0.683905     0.359059
  1     590      -0.082087     0.322541
  1     591       0.968396     0.355545
  1     592      -0.343141     0.324556
  1     593      -0.515611     0.340848
  1     594      -0.273996     0.323334
  1     595       1.843899     0.531701
  1     596       1.162827     0.375584
  1     597       0.603683     0.368799
  1     598      -0.739557     0.392477
  1     599       0.738716     0.359300
  1     600      -0.494944     0.326810
  1     601      -0.192939     0.307809
  1     602      -0.186166     0.307173
  1     603       0.770718     0.373691
  1     604      -0.544730     0.338635
  1     605      -0.319215     0.331822
  1     606      -1.124220     0.498041
  1     607       0.323267     0.357723
  1     608       1.973628     0.561747
  1     609      -1.698321     0.534696
  1     610      -0.365345     0.317731
  1     611       1.416796     0.440255
  1     612      -0.115661     0.321935
  1     613       1.193428     0.377944
  1     614       1.432269     0.425295
  1     615       0.826509     0.352113
  1     616      -0.308195     0.301477
  1     617      -0.120628     0.308303
  1     618      -0.880015     0.389349
  1     619      -0.504172     0.365959
  1     620       0.539171     0.362237
  1     621       0.456831     0.372340
  1     622      -0.624508     0.344867
  1     623      -0.768582     0.377041
  1     624       0.224445     0.336324
  1     625      -0.017432     0.330466
  1     626       0.315378     0.373408
  1     627       0.891555     0.341991
  1     628      -0.402821     0.328410
  1     629      -0.243336     0.334853
  1     630      -0.645008     0.366164
  1     631       0.630498     0.358838
  1     632      -1.977127     0.694846
  1     633      -0.225796     0.330575
  1     634      -0.623303     0.359945
  1     635       0.373782     0.368400
  1     636      -0.776379     0.362440
  1     637       0.484761     0.376694
  1     638      -0.638115     0.347613
  1     639      -0.534228     0.329349
  1     640       0.938553     0.343026
  1     641      -1.333403     0.432317
  1     642       1.583055     0.450726
  1     643      -0.176954     0.303913
  1     644       1.255837     0.381158
  1     645       3.385940     0.629810
  1     646      -0.612350     0.366371
  1     647      -1.288236     0.444160
  1     648       0.084175     0.341050
  1     649      -0.264968     0.311602
  1     650       0.727660     0.359918
  1     651      -0.086225     0.313304
  1     652      -0.270045     0.329829
  1     653      -0.027854     0.334276
  1     654       0.444119     0.377761
  1     655       2.579851     0.694667
  1     656       0.075675     0.331079
  1     657       1.093157     0.358299
  1     658      -0.493064     0.329736
  1     659      -3.092615     0.718009
  1     660      -0.613081     0.332763
  1     661      -1.117797     0.429026
  1     662      -2.404096     0.725558
  1     663       0.080128     0.339037
  1     664       2.023873     0.571616
  1     665      -0.297822     0.326956
  1     666      -0.252539     0.308075
  1     667      -0.216084     0.312523
  1     668       0.708849     0.376073
  1     669       0.922823     0.360752
  1     670      -0.226834     0.319630
  1     671      -0.083394     0.310261
  1     672       0.447095     0.362699
  1     673       1.168229     0.374153
  1     674      -0.555236     0.332506
  1     675      -0.581139     0.371972
  1     676       0.803170     0.359052
  1     677      -0.044849     0.317268
  1     678       0.425600     0.352271
  1     679       0.012656     0.317490
  1     680      -0.474495     0.363313
  1     681       0.717456     0.356030
  1     682       1.164324     0.363669
  1     683      -2.094698     0.596993
  1     684       0.369277     0.364417
  1     685       0.043550     0.346157
  1     686      -1.423355     0.458820
  1     687      -1.213808     0.462437
  1     688       2.989301     0.712572
  1     689      -2.301296     0.699676
  1     690       1.095971     0.355391
  1     691       1.803293     0.488104
  1     692      -0.220197     0.329328
  1     693      -2.053493     0.608988
  1     694      -1.226512     0.461819
  1     695      -0.247425     0.334897
  1     696      -0.478157     0.335932
  1     697       0.098212     0.340927
  1     698      -0.754084     0.387839
  1     699       0.462949     0.365443
  1     700      -0.091491     0.319118
  1     701      -1.145673     0.426473
  1     702      -0.474244     0.307706
  1     703       0.045419     0.327462
  1     704      -1.822826     0.573984
  1     705       0.953989     0.354249
  1     706      -0.476019     0.328129
  1     707       1.308450     0.403348
  1     708       1.564412     0.473982
  1     709       0.217372     0.353802
  1     710       0.063045     0.321755
  1     711       0.392710     0.371391
  1     712      -1.173712     0.441473
  1     713      -0.078940     0.292947
  1     714      -0.386282     0.312352
  1     715       0.995965     0.343878
  1     716       0.500784     0.366292
  1     717       0.491176     0.364412
  1     718      -1.650876     0.557398
  1     719      -0.619462     0.342545
  1     720      -1.621657     0.498632
  1     721      -1.573162     0.468899
  1     722      -2.087440     0.654366
  1     723      -1.869907     0.558327
  1     724      -0.220074     0.330168
  1     725      -1.132881     0.481515
  1     726       0.452427     0.379086
  1     727       0.770675     0.355055
  1     728      -0.583873     0.370711
  1     729       0.049228     0.317305
  1     730       0.085328     0.317629
  1     731      -1.023349     0.398983
  1     732      -1.201947     0.476596
  1     733       0.925620     0.355619
  1     734       0.405955     0.373847
  1     735      -0.724803     0.374525
  1     736       1.266272     0.402279
  1     737       1.831073     0.530499
  1     738      -0.616660     0.337401
  1     739       0.636614     0.360416
  1     740      -1.163727     0.444312
  1     741       0.918462     0.342757
  1     742       0.609214     0.378032
  1     743       0.256042     0.351118
  1     744       1.647551     0.455733
  1     745      -0.106512     0.300622
  1     746       0.610832     0.369810
  1     747      -0.511881     0.322199
  1     748      -0.824153     0.411956
  1     749      -0.278132     0.306490
  1     750       0.231371     0.350162
  1     751       0.499665     0.380422
  1     752       0.860088     0.343886
  1     753      -0.658837     0.347812
  1     754       0.050500     0.322704
  1     755       0.513641     0.369986
  1     756      -0.494834     0.342435
  1     757      -2.450995     0.740800
  1     758      -1.285054     0.492087
  1     759      -1.480189     0.446600
  1     760      -0.980584     0.404057
  1     761      -0.385090     0.342840
  1     762       0.571551     0.372620
  1     763       0.481368     0.363978
  1     764      -1.144167     0.424901
  1     765       0.259189     0.359782
  1     766      -1.034261     0.413284
  1     767      -0.591476     0.358430
  1     768       0.784595     0.349593
  1     769      -0.196622     0.308167
  1     770      -0.741310     0.357637
  1     771      -1.457064     0.466691
  1     772      -0.369067     0.312251
  1     773       0.277961     0.357717
  1     774      -1.187273     0.487010
  1     775       0.856167     0.345765
  1     776      -0.165160     0.312589
  1     777      -0.658146     0.349134
  1     778      -0.373819     0.310599
  1     779      -0.210225     0.337626
  1     780       1.560582     0.450446
  1     781       0.007685     0.325980
  1     782      -0.208242     0.321628
  1     783       0.731379     0.353630
  1     784       0.074854     0.344116
  1     785       0.127734     0.337433
  1     786       1.180976     0.367282
  1     787      -0.389929     0.320763
  1     788      -1.068139     0.407909
  1     789       0.649216     0.372773
  1     790       1.150500     0.357656
  1     791      -0.174988     0.317451
  1     792      -0.451495     0.322322
  1     793      -1.292008     0.459445
  1     794      -2.453084     0.775257
  1     795      -0.947315     0.436966
  1     796      -0.172121     0.314801
  1     797      -0.461155     0.319365
  1     798      -3.058659     0.743166
  1     799      -0.479231     0.319251
  1     800      -0.157257     0.317691
  1     801      -0.742586     0.371611
  1     802       0.897656     0.350902
  1     803       1.119291     0.366820
  1     804       1.485527     0.427632
  1     805       0.021641     0.305704
  1     806       1.121028     0.357202
  1     807      -0.497588     0.330178
  1     808      -0.192824     0.320784
  1     809       1.250070     0.387809
  1     810      -0.648702     0.376017
  1     811      -0.161506     0.321341
  1     812       0.067354     0.344348
  1     813      -0.244342     0.337330
  1     814       1.026581     0.357484
  1     815      -0.430776     0.332697
  1     816       0.010450     0.315357
  1     817       0.812627     0.348524
  1     818      -0.413632     0.336047
  1     819       1.282909     0.388933
  1     820      -0.962531     0.432673
  1     821      -0.094586     0.305065
  1     822       0.136374     0.320103
  1     823      -0.043065     0.326676
  1     824      -0.723775     0.377079
  1     825       0.136129     0.332721
  1     826       0.219143     0.335977
  1     827       0.535518     0.372114
  1     828      -1.038829     0.436414
  1     829      -0.144855     0.318909
  1     830      -0.121438     0.309290
  1     831       0.230971     0.353116
  1     832      -1.202701     0.458123
  1     833       1.002552     0.351595
  1     834       0.078497     0.333262
  1     835      -0.533093     0.329539
  1     836      -0.387480     0.331384
  1     837      -0.235309     0.353828
  1     838      -0.843144     0.421204
  1     839       0.113049     0.347848
  1     840       0.351366     0.356064
  1     841      -0.302190     0.333525
  1     842       0.265566     0.349084
  1     843       0.873122     0.342980
  1     844      -0.821291     0.400441
  1     845       0.417688     0.372140
  1     846      -0.683703     0.362958
  1     847       0.828220     0.355787
  1     848      -0.381668     0.318096
  1     849      -0.116343     0.305848
  1     850       0.771088     0.358102
  1     851      -1.512289     0.453935
  1     852       1.088884     0.349470
  1     853      -0.445247     0.332460
  1     854      -0.139759     0.308828
  1     855      -0.582877     0.334635
  1     856      -0.424061     0.331870
  1     857      -0.258958     0.318387
  1     858       0.195906     0.339059
  1     859       1.014543     0.346976
  1     860       1.227582     0.383384
  1     861       1.136896     0.385361
  1     862       0.706505     0.362923
  1     863      -0.492970     0.352597
  1     864      -0.307578     0.310564
  1     865       1.586762     0.451018
  1     866      -0.524478     0.320099
  1     867       1.382039     0.414556
  1     868      -1.304098     0.545379
  1     869      -0.307266     0.327676
  1     870      -0.595343     0.376627
  1     871      -0.355687     0.339376
  1     872      -0.269087     0.313506
  1     873       0.440652     0.372927
  1     874      -1.560730     0.530470
  1     875      -0.374200     0.325676
  1     876      -1.986993     0.641780
  1     877       1.183326     0.365741
  1     878       0.758460     0.354162
  1     879      -0.209518     0.302232
  1     880       0.699963     0.373083
  1     881       1.579895     0.449453
  1     882       0.230893     0.337885
  1     883       0.067210     0.328562
  1     884       0.055759     0.336750
  1     885      -0.139257     0.321968
  1     886      -1.462294     0.461589
  1     887       1.432006     0.426806
  1     888       0.038518     0.330751
  1     889      -0.226553     0.311479
  1     890      -0.093534     0.321290
  1     891      -1.082911     0.430403
  1     892      -0.489007     0.317354
  1     893      -0.991978     0.412722
  1     894       1.146827     0.368448
  1     895      -0.163605     0.313361
  1     896      -0.237612     0.352229
  1     897      -0.426437     0.312988
  1     898      -1.727557     0.539923
  1     899       0.014858     0.317179
  1     900       0.114037     0.320425
  1     901      -0.470442     0.312270
  1     902      -0.315243     0.325083
  1     903       0.239178     0.340531
  1     904      -0.399786     0.330463
  1     905      -1.129044     0.415332
  1     906       0.981444     0.345919
  1     907       0.594773     0.372081
  1     908      -0.102333     0.319765
  1     909      -0.862161     0.406852
  1     910      -0.916516     0.426464
  1     911       0.035927     0.313593
  1     912      -0.425576     0.306632
  1     913       0.068675     0.316956
  1     914      -0.451223     0.336889
  1     915       1.397506     0.407605
  1     916       0.177096     0.333773
  1     917       1.274714     0.403460
  1     918      -0.177801     0.315097
  1     919      -1.507567     0.461614
  1     920       0.953398     0.356218
  1     921       0.368423     0.362891
  1     922      -0.839123     0.405177
  1     923       0.419633     0.379067
  1     924      -0.956691     0.400337
  1     925       0.146542     0.326839
  1     926       0.905098     0.352044
  1     927      -0.475703     0.319780
  1     928      -0.889688     0.433883
  1     929       0.445953     0.366254
  1     930       0.206449     0.348291
  1     931      -0.830664     0.382765
  1     932      -0.211035     0.313543
  1     933       0.016507     0.312811
  1     934      -1.244956     0.545161
  1     935      -0.081341     0.320287
  1     936      -1.039755     0.412929
  1     937       0.013383     0.309347
  1     938      -0.366379     0.323927
  1     939       0.442275     0.366880
  1     940      -0.306654     0.321700
  1     941       0.685001     0.363029
  1     942      -0.026500     0.313725
  1     943       0.200713     0.350509
  1     944       0.949816     0.342688
  1     945      -1.338297     0.478693
  1     946      -0.123567     0.337471
  1     947       0.185222     0.345431
  1     948       0.582995     0.379660
  1     949       0.003221     0.334821
  1     950      -0.289542     0.313002
  1     951       0.001033     0.320154
  1     952       0.082568     0.318108
  1     953      -0.715129     0.350532
  1     954      -0.228641     0.319137
  1     955       1.008485     0.343752
  1     956      -1.684991     0.531592
  1     957      -0.176950     0.328211
  1     958      -1.699527     0.710153
  1     959      -0.098104     0.303286
  1     960       0.117884     0.337663
  1     961      -0.120794     0.329367
  1     962      -3.350140     0.628719
  1     963       1.258140     0.402851
  1     964      -0.447311     0.319670
  1     965      -0.090845     0.314794
  1     966      -1.810417     0.568378
  1     967       0.482035     0.359356
  1     968       0.424519     0.372712
  1     969      -0.167393     0.323604
  1     970       0.687951     0.362395
  1     971      -0.271028     0.333782
  1     972      -0.489924     0.326153
  1     973      -0.208238     0.304616
  1     974      -0.562145     0.344073
  1     975      -0.142845     0.319808
  1     976       0.392739     0.361540
  1     977      -0.817762     0.398405
  1     978      -0.871844     0.384161
  1     979      -0.541982     0.318105
  1     980       0.806096     0.365055
  1     981      -0.993711     0.475061
  1     982       0.940462     0.360733
  1     983       0.154690     0.353999
  1     984      -0.465536     0.320197
  1     985       0.729118     0.363693
  1     986      -0.054056     0.336998
  1     987      -1.303540     0.421046
  1     988       0.205233     0.349665
  1     989       1.728985     0.507388
  1     990       1.690464     0.462615
  1     991       0.981139     0.363430
  1     992       0.704479     0.365549
  1     993      -0.610778     0.346319
  1     994      -0.285178     0.336308
  1     995       0.567832     0.369379
  1     996       0.134736     0.315815
  1     997       1.974331     0.563701
  1     998       1.068808     0.350849
  1     999       0.324814     0.356632
  1    1000      -0.637165     0.342730
  1    1001       0.811934     0.344348
  1    1002       0.781236     0.359041
  1    1003      -1.962298     0.621224
  1    1004       0.959288     0.343890
  1    1005       1.472476     0.452354
  1    1006      -0.101607     0.317723
  1    1007       1.080204     0.371387
  1    1008      -0.398192     0.327591
  1    1009      -0.615160     0.345164
  1    1010       0.723380     0.362668
  1    1011       0.447988     0.359041
  1    1012       0.104904     0.337931
  1    1013       0.908621     0.344422
  1    1014      -0.454734     0.316262
  1    1015      -0.406617     0.311490
  1    1016       0.262078     0.355051
  1    1017      -0.587006     0.343032
  1    1018       0.954189     0.356124
  1    1019       0.505444     0.376060
  1    1020       0.836069     0.352357
  1    1021      -1.328646     0.456949
  1    1022      -0.112122     0.304362
  1    1023      -1.071276     0.471513
  1    1024       1.102607     0.369414
  1    1025       0.177723     0.356261
  1    1026       2.591014     0.653719
  1    1027      -0.740156     0.368429
  1    1028      -0.355630     0.318017
  1    1029      -1.746041     0.676144
  1    1030      -2.247022     0.663796
  1    1031      -2.825571     0.737148
  1    1032      -0.469333     0.327748
  1    1033      -0.127227     0.309489
  1    1034      -3.217498     0.685986
  1    1035      -0.465729     0.335059
  1    1036      -0.304271     0.346965
  1    1037       2.572722     0.649306
  1    1038      -0.306105     0.319820
  1    1039      -0.429128     0.315828
  1    1040      -0.609812     0.370480
  1    1041       0.669037     0.372539
  1    1042      -0.465401     0.338770
  1    1043       1.123777     0.362835
  1    1044       0.542995     0.373069
  1    1045       1.410568     0.416315
  1    1046       0.202254     0.334163
  1    1047      -0.486538     0.324919
  1    1048      -0.430743     0.311578
  1    1049       0.845274     0.347044
  1    1050       2.852066     0.712327
  1    1051      -1.121888     0.440123
  1    1052      -0.225778     0.336108
  1    1053      -0.391894     0.308922
  1    1054      -0.066251     0.324162
  1    1055       0.945601     0.367854
  1    1056       0.707950     0.358086
  1    1057       0.247915     0.342318
  1    1058      -0.260470     0.315973
  1    1059      -0.359376     0.356715
  1    1060       1.021823     0.347165
  1    1061      -2.572410     0.710560
  1    1062      -0.741684     0.396186
  1    1063       1.131504     0.368655
  1    1064       0.827463     0.376023
  1    1065      -0.034716     0.310161
  1    1066       0.899887     0.349250
  1    1067       0.984834     0.346109
  1    1068       0.476138     0.378129
  1    1069       0.238672     0.349930
  1    1070      -2.542644     0.762548
  1    1071      -0.531091     0.348964
  1    1072      -0.161131     0.318883
  1    1073       0.342037     0.372721
  1    1074       1.409343     0.420070
  1    1075      -0.167732     0.322703
  1    1076       0.232328     0.347855
  1    1077       0.480947     0.371653
  1    1078       1.854945     0.497908
  1    1079       0.871282     0.359596
  1    1080       0.797532     0.358701
  1    1081       0.005723     0.309570
  1    1082      -0.563373     0.339241
  1    1083      -1.594695     0.556312
  1    1084      -1.401820     0.429780
  1    1085       0.691427     0.372968
  1    1086      -2.980718     0.729013
  1    1087      -0.570027     0.336498
  1    1088      -0.584145     0.393763
  1    1089       0.507732     0.361110
  1    1090      -0.042702     0.323709
  1    1091      -1.102979     0.398680
  1    1092       0.752470     0.353482
  1    1093       0.565065     0.369409
  1    1094       0.069304     0.343288
  1    1095      -0.514969     0.336841
  1    1096      -1.045515     0.536913
  1    1097       0.357754     0.358499
  1    1098      -0.189517     0.309658
  1    1099      -0.557119     0.350124
  1    1100      -2.610164     0.751007
  1    1101       0.312444     0.356840
  1    1102      -0.244328     0.313956
  1    1103       0.949206     0.345636
  1    1104      -0.283463     0.330036
  1    1105      -3.451180     0.597533
  1    1106       0.845913     0.349898
  1    1107      -1.141376     0.443983
  1    1108       2.284252     0.631544
  1    1109       1.624453     0.460246
  1    1110       0.408193     0.369480
  1    1111      -0.589404     0.353265
  1    1112       0.603705     0.361964
  1    1113      -1.129180     0.432038
  1    1114      -0.988232     0.389774
  1    1115      -0.627323     0.359044
  1    1116       0.674600     0.363598
  1    1117      -2.498430     0.772235
  1    1118      -0.256846     0.313481
  1    1119       1.313826     0.399539
  1    1120       0.886598     0.362596
  1    1121      -0.005104     0.314875
  1    1122      -0.671639     0.349981
  1    1123      -0.027016     0.320764
  1    1124      -1.154167     0.425352
  1    1125       1.090404     0.378290
  1    1126       0.218501     0.335582
  1    1127       0.684109     0.378430
  1    1128      -1.092912     0.475275
  1    1129       0.150591     0.329813
  1    1130      -0.003037     0.319282
  1    1131      -0.921629     0.409083
  1    1132       2.287679     0.636685
  1    1133       0.703683     0.361615
  1    1134      -0.028799     0.313415
  1    1135       0.631217     0.368160
  1    1136       1.617669     0.456880
  1    1137      -1.348057     0.465323
  1    1138      -1.088210     0.451856
  1    1139      -0.229118     0.307643
  1    1140      -0.173773     0.340231
  1    1141      -0.208973     0.317898
  1    1142      -1.357916     0.443487
  1    1143      -0.223515     0.314043
  1    1144       1.228901     0.381332
  1    1145      -0.098828     0.295639
  1    1146       0.726045     0.360533
  1    1147      -0.795267     0.380148
  1    1148       0.708910     0.357645
  1    1149      -0.066333     0.307781
  1    1150      -1.568108     0.493154
  1    1151      -0.393662     0.322151
  1    1152       0.079571     0.341004
  1    1153      -0.752198     0.366751
  1    1154       0.299194     0.367330
  1    1155      -0.350323     0.312186
  1    1156      -0.521596     0.328122
  1    1157       0.556639     0.384633
  1    1158      -0.149095     0.310801
  1    1159       0.009429     0.309352
  1    1160      -0.369312     0.330113
  1    1161       1.466594     0.422468
  1    1162       0.591836     0.373555
  1    1163       0.707024     0.359114
  1    1164      -0.062606     0.317087
  1    1165      -1.821277     0.629069
  1    1166      -0.420625     0.336639
  1    1167      -0.398992     0.320155
  1    1168       1.510795     0.454151
  1    1169       0.381173     0.369949
  1    1170       0.863424     0.348781
  1    1171      -2.648552     0.807120
  1    1172      -0.031217     0.333084
  1    1173      -0.634147     0.371801
  1    1174      -0.182510     0.317023
  1    1175      -0.350045     0.322194
  1    1176       0.938227     0.337777
  1    1177      -0.237724     0.311325
  1    1178      -0.675381     0.346842
  1    1179      -1.152163     0.437138
  1    1180       1.152761     0.358828
  1    1181       1.858860     0.536422
  1    1182      -0.235561     0.311501
  1    1183      -0.422923     0.318896
  1    1184       0.070440     0.308491
  1    1185      -0.446451     0.351467
  1    1186      -0.165863     0.335098
  1    1187       0.646275     0.369565
  1    1188      -0.666560     0.381598
  1    1189       1.094830     0.380768
  1    1190       0.237040     0.367641
  1    1191      -0.121691     0.343498
  1    1192      -0.244426     0.314978
  1    1193      -0.295171     0.321740
  1    1194      -0.995517     0.439867
  1    1195       0.606116     0.365054
  1    1196       1.750269     0.472187
  1    1197       0.412872     0.392797
  1    1198       0.687118     0.362668
  1    1199      -0.824624     0.382200
  1    1200      -0.779741     0.378836
  1    1201      -1.180088     0.426841
  1    1202      -0.497186     0.317628
  1    1203       0.179501     0.339950
  1    1204       0.002871     0.323858
  1    1205       0.235796     0.350670
  1    1206      -1.240632     0.594215
  1    1207      -2.656012     0.808547
  1    1208      -0.360227     0.328307
  1    1209      -0.306398     0.316112
  1    1210      -0.586800     0.343198
  1    1211       0.919833     0.342608
  1    1212       0.078996     0.338235
  1    1213       0.755769     0.356665
  1    1214       1.272447     0.390739
  1    1215       0.898710     0.346068
  1    1216      -0.837088     0.410541
  1    1217       0.017538     0.326283
  1    1218       0.462550     0.382395
  1    1219       0.249323     0.347033
  1    1220       0.460279     0.364002
  1    1221      -0.664440     0.369899
  1    1222      -1.022007     0.412088
  1    1223       0.009666     0.314820
  1    1224      -0.674967     0.353257
  1    1225      -0.031837     0.334778
  1    1226      -0.756449     0.386973
  1    1227      -0.745462     0.422821
  1    1228      -0.974869     0.433992
  1    1229       1.501060     0.467525
  1    1230       0.331654     0.356737
  1    1231       0.220319     0.336225
  1    1232      -0.466527     0.319589
  1    1233      -0.223272     0.311795
  1    1234       0.568561     0.373599
  1    1235      -0.054044     0.307993
  1    1236       0.089180     0.325315
  1    1237       0.184274     0.345990
  1    1238       1.315112     0.404414
  1    1239       0.076039     0.324861
  1    1240      -1.047797     0.388697
  1    1241      -0.391365     0.317273
  1    1242      -1.736348     0.543825
  1    1243       1.053954     0.347813
  1    1244      -0.570440     0.331685
  1    1245      -1.268719     0.444652
  1    1246      -0.269961     0.339973
  1    1247       1.824822     0.495029
  1    1248       0.344730     0.382737
  1    1249       0.736136     0.368629
  1    1250      -0.566553     0.318819
  1    1251       2.852066     0.712327
  1    1252       0.280033     0.359147
  1    1253      -0.137084     0.314314
  1    1254      -0.087697     0.316669
  1    1255      -0.204146     0.303698
  1    1256       2.099134     0.591243
  1    1257      -0.978529     0.435299
  1    1258       0.188698     0.337323
  1    1259      -0.039126     0.320824
  1    1260       1.551589     0.448673
  1    1261       0.202136     0.357879
  1    1262      -0.510377     0.351749
  1    1263       0.394789     0.355883
  1    1264       0.397984     0.361002
  1    1265       2.108832     0.594344
  1    1266       1.657276     0.483826
  1    1267       1.153270     0.370083
  1    1268      -0.070731     0.326626
  1    1269       0.458363     0.379057
  1    1270       0.566990     0.378616
  1    1271      -0.816167     0.387918
  1    1272      -0.332013     0.313776
  1    1273      -1.112065     0.452692
  1    1274       1.090460     0.352072
  1    1275      -0.571643     0.333047
  1    1276       1.017791     0.359347
  1    1277      -0.414262     0.315421
  1    1278      -0.355433     0.349321
  1    1279      -0.323264     0.309070
  1    1280       0.557151     0.378529
  1    1281      -0.430656     0.323989
  1    1282      -0.450780     0.324517
  1    1283       0.734457     0.358038
  1    1284      -0.372398     0.322843
  1    1285       1.838957     0.497432
  1    1286       0.403854     0.370070
  1    1287      -0.944518     0.437223
  1    1288      -1.240511     0.466577
  1    1289      -0.569660     0.324480
  1    1290       1.149327     0.360688
  1    1291       0.480239     0.373549
  1    1292      -0.331069     0.329243
  1    1293       0.101389     0.336648
  1    1294       0.492173     0.372769
  1    1295       0.250473     0.336643
  1    1296       1.073014     0.361289
  1    1297       1.055386     0.355941
  1    1298       1.057027     0.363698
  1    1299       0.041059     0.332601
  1    1300       0.168822     0.327405
  1    1301       1.832554     0.494361
  1    1302       0.045098     0.324316
  1    1303       0.211063     0.340867
  1    1304      -0.258580     0.327394
  1    1305       0.531987     0.376412
  1    1306      -0.100035     0.309540
  1    1307       0.507397     0.370500
  1    1308       0.424518     0.369765
  1    1309       1.567281     0.449747
  1    1310       0.196435     0.357597
  1    1311      -0.295388     0.328671
  1    1312       1.034953     0.346523
  1    1313       1.284087     0.385227
  1    1314      -0.401384     0.328657
  1    1315      -0.434388     0.317164
  1    1316      -0.264746     0.334995
  1    1317       1.069923     0.368516
  1    1318      -0.397114     0.343783
  1    1319       0.030963     0.307238
  1    1320      -0.349035     0.343925
  1    1321       0.866570     0.348363
  1    1322       0.767566     0.348859
  1    1323      -0.470418     0.343841
  1    1324      -0.130549     0.329778
  1    1325       0.696248     0.359266
  1    1326       0.715122     0.356217
  1    1327       1.844022     0.534653
  1    1328      -0.671401     0.344536
  1    1329      -1.764950     0.489113
  1    1330       1.738143     0.478171
  1    1331       0.740804     0.364978
  1    1332      -0.956892     0.396677
  1    1333      -0.855703     0.416422
  1    1334      -0.125794     0.303921
  1    1335       0.862467     0.345875
  1    1336       0.076100     0.338428
  1    1337      -0.646639     0.341295
  1    1338       0.576388     0.365373
  1    1339      -0.140369     0.311083
  1    1340      -0.338517     0.314740
  1    1341      -0.435439     0.327538
  1    1342      -0.937952     0.394414
  1    1343       0.974386     0.360824
  1    1344       0.705037     0.373663
  1    1345       0.180431     0.344416
  1    1346       0.275946     0.346470
  1    1347       0.053765     0.326495
  1    1348      -0.551182     0.357449
  1    1349       0.400477     0.371663
  1    1350       0.417141     0.377874
  1    1351       0.133258     0.343077
  1    1352       0.616196     0.374243
  1    1353      -0.121165     0.323824
  1    1354       1.194624     0.369637
  1    1355      -1.147998     0.454825
  1    1356       1.176690     0.377728
  1    1357       0.911467     0.354731
  1    1358       1.400871     0.440522
  1    1359       0.603541     0.366573
  1    1360      -0.891393     0.379319
  1    1361      -1.258670     0.461054
  1    1362       1.559070     0.442528
  1    1363       0.149376     0.331861
  1    1364       1.927675     0.514157
  1    1365      -0.128506     0.313937
  1    1366      -0.366727     0.348568
  1    1367       0.132199     0.347374
  1    1368      -2.102036     0.691084
  1    1369      -1.384910     0.455487
  1    1370       1.156096     0.388355
  1    1371       0.748466     0.365555
  1    1372       0.150321     0.338083
  1    1373       0.803150     0.354714
  1    1374       0.072921     0.329609
  1    1375       0.126388     0.344389
  1    1376      -1.659097     0.551996
  1    1377       0.054299     0.315650
  1    1378       0.398175     0.365542
  1    1379      -1.246154     0.427768
  1    1380       0.339842     0.350640
  1    1381      -0.756110     0.389130
  1    1382      -0.104998     0.325907
  1    1383      -0.813416     0.422368
  1    1384       0.228688     0.339538
  1    1385       0.230546     0.352188
  1    1386       0.833017     0.369661
  1    1387       0.091103     0.318604
  1    1388       3.207759     0.679819
  1    1389      -0.466792     0.337408
  1    1390       0.064718     0.337045
  1    1391      -0.654858     0.368304
  1    1392      -0.079916     0.303385
  1    1393      -0.285631     0.320979
  1    1394      -0.665328     0.352367
  1    1395       0.500951     0.375142
  1    1396      -0.039326     0.303015
  1    1397      -1.096706     0.398354
  1    1398      -0.173716     0.318186
  1    1399       2.119682     0.592619
  1    1400       0.155666     0.344797
  1    1401       0.439916     0.360990
  1    1402      -0.014397     0.348640
  1    1403      -0.567658     0.345899
  1    1404      -0.358862     0.305234
  1    1405      -0.458830     0.313827
  1    1406      -0.160995     0.322960
  1    1407       0.283115     0.357507
  1    1408       0.927575     0.344849
  1    1409      -1.439308     0.501132
  1    1410      -0.017568     0.330498
  1    1411       1.741321     0.476164
  1    1412       0.840927     0.365633
  1    1413      -1.339874     0.435178
  1    1414       0.066183     0.318616
  1    1415      -0.624660     0.352952
  1    1416      -0.280961     0.322975
  1    1417       0.821397     0.355426
  1    1418       1.093982     0.368637
  1    1419       0.047954     0.312424
  1    1420       0.389402     0.372829
  1    1421      -0.053453     0.307164
  1    1422      -0.286176     0.342356
  1    1423       0.707147     0.369034
  1    1424       0.800665     0.368310
  1    1425       0.210293     0.358913
  1    1426      -0.511036     0.326655
  1    1427      -0.344435     0.315356
  1    1428       0.526859     0.369222
  1    1429       0.211123     0.354336
  1    1430       0.810705     0.348315
  1    1431      -0.678800     0.379993
  1    1432      -0.486209     0.324460
  1    1433       1.574222     0.476416
  1    1434      -0.821210     0.383355
  1    1435       0.306456     0.367955
  1    1436       1.419480     0.413026
  1    1437       1.617288     0.449615
  1    1438       0.236513     0.363529
  1    1439      -0.806336     0.373217
  1    1440       0.267495     0.349622
  1    1441      -0.849899     0.405910
  1    1442      -0.319655     0.315595
  1    1443       0.068996     0.338932
  1    1444      -0.216100     0.329939
  1    1445      -0.075025     0.332051
  1    1446       0.772540     0.383556
  1    1447      -0.627581     0.366477
  1    1448       0.213294     0.339318
  1    1449       1.171864     0.373003
  1    1450       0.320151     0.351817
  1    1451      -1.120309     0.459998
  1    1452      -0.662041     0.341880
  1    1453      -1.761873     0.559109
  1    1454       0.470288     0.366504
  1    1455      -1.117103     0.419899
  1    1456       0.488208     0.382217
  1    1457      -0.507483     0.330876
  1    1458       0.165587     0.348564
  1    1459       0.515705     0.367229
  1    1460       0.267897     0.357826
  1    1461       0.043237     0.330231
  1    1462       0.916581     0.357332
  1    1463       0.178706     0.341822
  1    1464       0.851470     0.371572
  1    1465       0.378592     0.366124
  1    1466      -1.662739     0.603146
  1    1467      -0.054386     0.322506
  1    1468      -1.765009     0.539236
  1    1469       0.563596     0.372961
  1    1470       0.072711     0.323826
  1    1471       0.189190     0.345657
  1    1472       1.054707     0.359044
  1    1473       0.362158     0.382041
  1    1474       0.059311     0.325588
  1    1475       0.581524     0.369248
  1    1476       0.604008     0.373607
  1    1477       0.301307     0.350181
  1    1478      -0.255512     0.340186
  1    1479       0.764903     0.351185
  1    1480       0.106791     0.339701
  1    1481       0.275697     0.353696
  1    1482      -1.169186     0.493129
  1    1483      -0.035630     0.314846
  1    1484       0.122011     0.333171
  1    1485       0.290322     0.352086
  1    1486      -1.070089     0.441991
  1    1487      -0.350444     0.308669
  1    1488       0.038151     0.323525
  1    1489       0.408898     0.360472
  1    1490      -0.338206     0.318959
  1    1491      -1.568207     0.495038
  1    1492      -0.060478     0.321138
  1    1493       1.062011     0.358309
  1    1494      -0.375621     0.315784
  1    1495      -0.465377     0.345695
  1    1496      -0.344300     0.313315
  1    1497       0.882279     0.353812
  1    1498      -0.351023     0.311231
  1    1499      -1.709754     0.552087
  1    1500       0.583872     0.366304
  1    1501       0.239648     0.352680
  1    1502      -0.447031     0.352381
  1    1503      -2.000022     0.586879
  1    1504       0.484458     0.375374
  1    1505      -0.871483     0.385506
  1    1506       1.280933     0.407688
  1    1507       0.368593     0.352942
  1    1508      -1.790821     0.567724
  1    1509       1.162316     0.370779
  1    1510       1.676114     0.466787
  1    1511      -0.433398     0.327921
  1    1512      -0.194473     0.315891
  1    1513      -1.808818     0.639895
  1    1514      -1.623726     0.559294
  1    1515      -0.174501     0.304867
  1    1516      -0.400650     0.340214
  1    1517       0.600363     0.388364
  1    1518       0.834607     0.358472
  1    1519       0.466219     0.364809
  1    1520       0.028348     0.329408
  1    1521      -0.472100     0.322646
  1    1522       0.058621     0.310460
  1    1523       0.873697     0.344930
  1    1524       0.176688     0.336745
  1    1525      -1.852077     0.650901
  1    1526      -1.954834     0.578472
  1    1527      -0.151937     0.332398
  1    1528      -0.320029     0.330866
  1    1529      -1.349931     0.438419
  1    1530       0.454738     0.364091
  1    1531      -0.107992     0.323276
  1    1532       1.233644     0.378495
  1    1533      -0.303574     0.323105
  1    1534       0.676888     0.373563
  1    1535       0.529206     0.363960
  1    1536      -1.234225     0.411977
  1    1537       0.065054     0.340443
  1    1538       0.776960     0.375136
  1    1539      -0.033641     0.303601
  1    1540       0.819549     0.359016
  1    1541       1.026702     0.353040
  1    1542       0.539700     0.363612
  1    1543       0.722810     0.363930
  1    1544       0.990032     0.338202
  1    1545       2.078923     0.545211
  1    1546       1.443539     0.423539
  1    1547       0.026595     0.330178
  1    1548       0.709298     0.367354
  1    1549       1.844209     0.495213
  1    1550       1.739892     0.515443
  1    1551       0.257659     0.344262
  1    1552       1.042747     0.367697
  1    1553       0.125103     0.344276
  1    1554       1.003910     0.345831
  1    1555       2.140933     0.597185
  1    1556       0.749141     0.363125
  1    1557      -0.193525     0.334553
  1    1558       0.035350     0.331736
  1    1559      -0.187356     0.337590
  1    1560       0.489215     0.362211
  1    1561      -0.975131     0.417881
  1    1562       0.467618     0.359348
  1    1563      -0.220878     0.313941
  1    1564      -0.094639     0.325740
  1    1565       0.660719     0.371525
  1    1566      -0.230892     0.315963
  1    1567       1.378495     0.406343
  1    1568       1.575276     0.449287
  1    1569      -0.926199     0.410822
  1    1570       0.038744     0.309752
  1    1571       0.890067     0.351483
  1    1572       2.133385     0.550363
  1    1573       1.015725     0.349249
  1    1574      -0.136561     0.311678
  1    1575       0.670831     0.357357
  1    1576       1.245310     0.391014
  1    1577      -1.097136     0.435747
  1    1578       0.525519     0.363042
  1    1579       0.882869     0.351129
  1    1580      -0.684499     0.385781
  1    1581      -2.823351     0.777905
  1    1582      -0.974457     0.440879
  1    1583      -1.013339     0.435422
  1    1584       2.234486     0.613807
  1    1585      -2.002875     0.609086
  1    1586      -0.341707     0.341366
  1    1587      -0.517757     0.355635
  1    1588       0.241079     0.351517
  1    1589      -0.621779     0.354905
  1    1590      -0.359019     0.316164
  1    1591      -1.840858     0.630313
  1    1592      -1.217258     0.425085
  1    1593       0.750072     0.350123
  1    1594       0.279749     0.344981
  1    1595       0.314979     0.374174
  1    1596      -0.693726     0.374722
  1    1597       1.340607     0.405054
  1    1598       0.179254     0.334777
  1    1599       1.146632     0.388186
  1    1600      -0.009633     0.322930
  1    1601       0.473507     0.380614
  1    1602       1.214064     0.399777
  1    1603      -1.084236     0.405204
  1    1604      -0.625455     0.397505
  1    1605      -0.472824     0.312751
  1    1606       0.314906     0.371748
  1    1607      -0.545479     0.362709
  1    1608       0.279190     0.360570
  1    1609       0.401665     0.364070
  1    1610       1.043179     0.344785
  1    1611      -0.614286     0.331161
  1    1612      -0.248231     0.319410
  1    1613       0.148132     0.319433
  1    1614       0.947303     0.341239
  1    1615      -0.311423     0.336336
  1    1616      -0.475048     0.314239
  1    1617       1.512124     0.433652
  1    1618       0.177099     0.338848
  1    1619       0.850403     0.365120
  1    1620      -0.107854     0.307280
  1    1621       0.054077     0.339385
  1    1622      -0.566299     0.333730
  1    1623      -0.907101     0.424120
  1    1624       1.204208     0.378496
  1    1625       0.928388     0.338278
  1    1626       0.008323     0.312562
  1    1627       0.345919     0.370635
  1    1628       1.143050     0.357565
  1    1629       0.492579     0.363435
  1    1630       1.636443     0.489373
  1    1631      -1.325482     0.445925
  1    1632      -0.515858     0.366651
  1    1633      -2.099165     0.672975
  1    1634      -0.520249     0.341276
  1    1635       0.145491     0.346703
  1    1636       0.417365     0.376573
  1    1637       0.145567     0.331985
  1    1638      -0.116172     0.326139
  1    1639      -0.864386     0.397706
  1    1640      -1.413546     0.469219
  1    1641      -0.407114     0.357065
  1    1642       0.705450     0.368556
  1    1643      -3.164861     0.697486
  1    1644      -0.732868     0.365177
  1    1645       0.824978     0.364230
  1    1646      -1.032851     0.424264
  1    1647      -0.058121     0.318340
  1    1648       2.049803     0.541128
  1    1649      -0.239958     0.308822
  1    1650      -0.165176     0.308196
  1    1651       1.190553     0.371422
  1    1652      -0.803694     0.389092
  1    1653      -0.063105     0.295341
  1    1654       0.646112     0.365754
  1    1655      -0.334161     0.337787
  1    1656      -1.538629     0.454675
  1    1657       1.230989     0.385998
  1    1658      -0.672796     0.353522
  1    1659      -1.635393     0.525178
  1    1660      -0.261054     0.304662
  1    1661       0.104033     0.345914
  1    1662      -2.129507     0.662908
  1    1663      -1.190510     0.441881
  1    1664       0.535862     0.373635
  1    1665      -1.345317     0.448371
  1    1666      -0.557749     0.352385
  1    1667      -0.358451     0.310923
  1    1668      -0.102216     0.301750
  1    1669      -0.644588     0.371589
  1    1670      -0.750162     0.376688
  1    1671      -0.165740     0.324914
  1    1672      -1.375299     0.437177
  1    1673       1.092985     0.352950
  1    1674       1.364757     0.400129
  1    1675      -0.486388     0.335680
  1    1676       0.023923     0.320474
  1    1677       0.152015     0.340775
  1    1678       1.192393     0.379372
  1    1679      -0.254958     0.310739
  1    1680      -0.165850     0.305589
  1    1681      -0.678891     0.367931
  1    1682       1.092322     0.353138
  1    1683      -1.129612     0.433863
  1    1684      -0.632192     0.342203
  1    1685      -0.849179     0.388892
  1    1686      -0.123740     0.317397
  1    1687      -0.507098     0.324060
  1    1688      -0.706220     0.409863
  1    1689      -1.046325     0.409677
  1    1690       0.007505     0.317948
  1    1691      -1.187913     0.447542
  1    1692       0.118114     0.323673
  1    1693       0.656747     0.367344
  1    1694      -0.196752     0.323606
  1    1695       0.608045     0.363060
  1    1696      -0.516203     0.329689
  1    1697      -0.066844     0.314869
  1    1698      -0.022788     0.303829
  1    1699      -0.412677     0.352193
  1    1700       1.208841     0.382234
  1    1701      -0.161409     0.304826
  1    1702      -0.641571     0.341756
  1    1703       1.386942     0.414654
  1    1704       0.803161     0.358816
  1    1705      -0.284015     0.315495
  1    1706      -0.897958     0.434578
  1    1707      -0.695227     0.388804
  1    1708      -2.500284     0.740216
