       1      1.21      1.35     -1.12     -1.82      0.14
       2      0.28     -0.47      1.68     -1.57      0.17
       3      0.89     -1.18      1.33     -1.71      0.15
       4      0.99     -1.14      1.15     -1.52      0.18
       5      0.93      2.47     -2.65     -1.70      0.15
       6      0.86      1.59     -1.84     -1.58      0.17
       7      1.82      2.98     -1.64     -1.75      0.15
       8      1.20     -0.06      0.05     -1.45      0.19
       9      0.76     -1.14      1.50     -1.67      0.16
      10      1.31     -0.90      0.68     -1.46      0.19
      11      0.88     -0.60      0.69     -1.43      0.19
      12      1.72     -1.11      0.65     -1.80      0.14
      13      1.38      0.52     -0.38     -1.44      0.19
      14      0.84      0.21     -0.26     -1.61      0.17
      15      1.07      0.87     -0.81     -1.61      0.17
      16      1.25      0.16     -0.13     -1.53      0.18
      17      0.48     -0.86      1.80     -1.49      0.18
      18      1.43      0.52     -0.36     -1.55      0.17
      19      1.92      1.42     -0.74     -1.91      0.13
      20      2.58     -0.33      0.13     -1.63      0.16
      21      1.52      1.23     -0.81     -1.68      0.16
      22      1.77      1.10     -0.62     -1.85      0.14
      23      1.42     -0.24      0.17     -1.45      0.19
      24      1.36      2.27     -1.67     -1.70      0.15
      25      1.37     -0.18      0.13     -1.57      0.17
      26      1.26      0.25     -0.19     -2.03      0.12
      27      1.38      0.71     -0.52     -1.54      0.18
      28      1.08      1.93     -1.78     -1.70      0.16
      29      0.66      0.71     -1.07     -1.72      0.15
      30      0.94      0.11     -0.12     -1.65      0.16
      31      1.70     -1.24      0.73     -1.68      0.16
      32      0.41     -0.16      0.40     -1.64      0.16
      33      1.21     -0.72      0.60     -1.82      0.14
      34      1.61     -4.67      2.90     -1.65      0.16
      35      0.51     -1.93      3.81     -1.69      0.16
      36      0.93     -1.15      1.24     -1.52      0.18
      37      1.16     -0.86      0.74     -2.05      0.11
      38      1.71     -2.40      1.40     -1.54      0.18
      39      0.61      0.24     -0.39     -1.71      0.15
      40      0.84     -0.27      0.31     -1.80      0.14